code	assign1	assign2	assign3	assign4	assign5	assign6	assign7	assign8	assign9	Late_Days	section	explore	weekly %	midterm	final	total	grade
22	9	16	20	17	17	18	19	8	19	 	20	0.00	92.6%	88	83	87.85	3.3
557	9	15	17	17	17	17	19	9	14	 	20	0.00	87.5%	73	67	76.40	2.3
559	9	14	19	16	11	12	15	8	15	 	20	0.00	79.0%	94	98	89.59	3.4
564	8	0	 	 	11	11	11	6	11	 	3	0.00	34.7%	67	53	48.46	0.0
593	10	16	15	18	20	20	18	9	19	 	20	2.67	95.3%	87	80	87.51	3.2
684	10	15	20	17	19	18	17	8	15	 	20	0.00	90.3%	80	69	79.74	2.6
715	9	14	19	18	17	13	19	7	16	 	20	0.00	86.4%	99	92	91.15	3.5
719	7	15	15	19	18	18	18	8	14	 	20	2.67	87.9%	91	87	88.15	3.3
789	10	15	20	19	18	13	 	 	 	 	20	0.00	65.3%	88	 	43.74	0.0
820	10	16	20	18	18	18	18	10	15	 	20	0.00	92.6%	74	68	79.05	2.5
887	10	14	17	17	17	17	19	7	16	 	20	0.00	87.5%	74	71	78.20	2.4
917	9	16	20	19	19	20	17	9	20	 	20	1.00	96.6%	92	91	93.44	3.7
1009	10	15	18	18	20	20	19	9	21	 	20	0.00	96.6%	91	82	89.64	3.4
1019	10	16	20	18	19	19	18	8	19	 	20	0.33	95.1%	95	86	91.43	3.6
1143	8	16	15	18	15	 	0	 	 	 	18	0.00	51.1%	79	48	55.45	0.0
1202	10	16	20	16	17	13	11	7	15	 	20	3.00	84.1%	83	66	76.64	2.3
1431	9	16	19	18	17	17	19	7	15	 	20	0.00	89.2%	84	84	86.08	3.1
1462	10	15	20	18	18	19	 	8	15	 	20	0.00	81.3%	79	 	48.30	0.0
1490	8	15	19	17	16	15	18	9	18	 	20	1.33	88.8%	89	77	84.13	2.9
1494	9	16	20	20	19	20	19	9	19	 	20	3.00	98.9%	71	88	88.95	3.4
1615	8	12	19	17	16	 	 	 	 	 	6	0.00	44.3%	53	 	28.33	0.0
1632	8	13	17	16	10	5	14	5	16	 	20	0.00	70.5%	68	41	58.18	0.7
1644	9	14	18	19	13	5	14	9	11	 	20	0.00	75.0%	84	71	75.20	2.2
1645	8	15	13	15	16	16	17	7	16	 	20	0.00	81.3%	92	79	82.50	2.8
1651	9	16	20	17	18	20	19	10	15	 	20	2.33	94.5%	96	89	92.60	3.7
1677	9	15	20	17	17	19	19	10	20	 	20	3.00	96.0%	96	93	94.81	3.8
1681	10	16	17	14	17	17	18	9	16	 	20	0.00	87.5%	90	100	93.00	3.7
1712	8	16	20	20	20	20	19	10	20	 	20	3.00	100.0%	98	92	96.40	3.9
1779	8	14	20	16	18	19	17	7	16	 	20	0.33	88.3%	83	87	86.70	3.2
1841	10	14	13	17	15	17	18	9	16	 	20	0.00	84.7%	82	51	70.66	1.8
1841	8	14	19	16	18	16	17	9	15	 	20	0.00	86.4%	82	67	77.75	2.4
1911	6	13	18	19	14	18	18	8	20	 	18	0.00	86.4%	88	83	85.35	3.0
1973	8	15	20	17	15	17	17	9	14	 	20	0.00	86.4%	76	73	78.95	2.5
2000	9	12	14	14	8	8	0	4	11	 	20	0.33	57.0%	56	45	52.00	0.0
2061	10	16	20	20	16	17	20	9	16	 	20	0.00	93.2%	95	96	94.67	3.8
2191	10	15	19	16	17	 	 	 	 	 	20	0.00	55.1%	87	53	60.65	0.9
2283	8	15	19	15	19	14	 	5	17	 	20	0.00	75.0%	57	45	59.40	0.8
2480	8	14	18	17	13	16	13	10	12	 	20	0.00	80.1%	86	58	72.45	1.9
2511	10	15	20	16	17	18	19	8	12	 	20	1.33	88.8%	88	78	84.33	3.0
2515	10	16	20	20	16	19	18	9	15	 	20	0.33	92.8%	79	59	76.52	2.3
2549	10	16	19	17	15	15	18	8	18	 	20	0.00	88.6%	87	90	88.85	3.4
2556	8	15	17	12	10	9	11	6	15	 	18	0.00	68.8%	70	54	63.10	1.1
2573	9	16	20	18	18	18	18	9	17	 	20	0.33	92.8%	90	83	88.32	3.3
2642	7	16	15	0	15	13	15	7	 	 	20	0.00	61.4%	75	66	65.95	1.4
2670	9	16	20	18	17	17	18	8	14	 	20	0.33	89.4%	89	73	82.76	2.8
2673	9	15	18	17	16	15	17	10	18	 	20	0.00	88.1%	95	85	88.23	3.3
2739	10	16	20	19	20	20	20	10	20	 	20	1.00	100.0%	78	85	89.60	3.4
2740	9	15	20	18	19	16	18	9	19	 	20	0.00	92.6%	89	81	87.25	3.2
2867	10	16	20	19	20	20	20	8	17	 	20	0.33	96.8%	101	100	98.91	4.0
2935	9	14	19	17	15	15	15	9	17	 	20	0.00	85.2%	52	32	57.29	0.0
2962	9	14	13	13	16	16	15	8	15	 	20	0.00	79.0%	89	80	81.39	2.7
3064	9	16	20	17	18	20	19	9	18	 	20	0.00	94.3%	85	73	83.93	2.9
3188	9	16	19	18	17	17	20	8	14	 	20	0.00	89.8%	98	87	90.31	3.5
3312	9	11	16	10	3	3	0	1	1	 	20	0.00	42.0%	45	18	33.02	0.0
3356	9	15	19	15	11	 	 	 	 	 	20	0.00	50.6%	45	4	30.83	0.0
3385	8	16	19	17	18	16	16	9	14	 	20	2.33	88.3%	86	87	87.30	3.2
3571	9	15	19	19	16	13	16	7	16	 	20	0.00	85.2%	79	56	72.29	1.9
3771	10	16	17	18	20	17	19	10	14	 	20	0.00	91.5%	93	80	87.19	3.2
3829	7	15	19	16	16	14	16	9	17	 	20	0.00	84.7%	98	84	87.06	3.2
3989	10	15	19	18	17	20	17	7	18	 	20	0.00	91.5%	98	86	90.59	3.5
4079	10	16	18	 	15	17	0	8	18	 	20	0.00	69.3%	74	65	68.53	1.6
4148	9	16	20	19	20	19	19	8	20	 	20	0.00	96.6%	95	94	95.24	3.9
4269	10	16	20	20	20	18	20	7	15	 	20	3.00	96.0%	85	79	87.01	3.2
4374	9	15	16	0	16	14	13	6	18	 	20	0.00	72.2%	92	88	82.46	2.8
4376	10	14	20	18	19	18	18	7	20	 	20	1.33	93.9%	88	88	90.38	3.5
4562	8	15	20	20	19	20	17	9	17	 	18	0.33	92.8%	76	77	83.12	2.9
4588	10	16	18	17	20	18	19	8	18	 	20	1.00	93.8%	92	97	94.70	3.8
4764	10	16	20	19	17	20	20	7	20	 	20	0.33	96.2%	92	89	92.48	3.7
4818	9	16	20	19	18	16	18	9	18	 	20	0.00	92.6%	86	86	88.65	3.3
5044	9	16	20	20	19	19	20	10	19	 	20	0.00	97.7%	94	84	91.49	3.6
5201	10	15	20	17	18	17	18	9	20	 	20	0.00	93.2%	85	87	89.07	3.4
5274	9	16	18	16	15	16	15	8	15	 	20	0.33	84.3%	86	65	76.91	2.3
5277	9	16	20	19	17	20	20	10	18	 	20	0.00	96.0%	97	94	95.41	3.9
5331	9	15	15	15	15	17	16	9	 	 	20	0.00	74.4%	80	 	45.77	0.0
5338	5	13	0	16	0	14	17	7	15	 	20	0.00	60.8%	89	87	76.92	2.3
5367	7	16	20	18	18	18	19	9	19	 	20	3.00	94.9%	98	78	88.75	3.3
5460	8	14	19	17	12	16	0	8	16	 	20	0.00	73.9%	79	62	70.15	1.7
5463	10	16	20	20	19	17	18	9	20	 	20	0.33	96.2%	99	97	97.08	4.0
5518	8	15	18	14	14	18	17	3	12	 	20	0.00	79.0%	70	76	75.99	2.2
5523	9	16	14	19	19	19	18	9	18	 	20	1.00	92.0%	90	96	93.22	3.7
5632	9	15	17	19	19	19	18	8	19	 	20	0.00	92.6%	85	84	87.65	3.2
5844	9	16	19	17	15	18	16	8	15	 	20	0.00	86.9%	88	81	84.77	3.0
5872	8	15	18	15	0	 	 	 	 	 	20	0.00	43.2%	58	 	28.87	0.0
5901	10	16	20	19	18	20	20	9	19	 	20	0.00	97.2%	100	100	98.86	4.0
6096	9	16	19	17	17	12	1	8	12	 	15	0.00	71.6%	69	51	62.84	1.1
6232	10	16	20	18	19	19	17	9	15	 	20	3.00	94.3%	96	88	92.13	3.6
6300	10	15	20	16	17	18	17	9	13	 	20	0.00	88.1%	89	78	84.23	3.0
6324	9	16	19	18	16	18	19	10	19	 	20	0.00	93.2%	91	85	89.47	3.4
6356	10	16	20	18	20	18	20	10	13	 	20	0.33	93.9%	89	92	92.18	3.6
6358	8	15	20	16	17	17	19	8	13	 	20	0.33	87.1%	92	92	90.05	3.5
6363	9	15	20	17	18	20	19	10	0	 	20	0.00	84.1%	86	86	85.24	3.0
6391	10	15	18	15	17	19	19	9	14	 	20	0.33	88.8%	86	72	81.53	2.7
6709	10	16	20	16	16	16	8	7	15	 	20	0.00	81.8%	83	79	80.93	2.7
6865	10	16	16	19	18	19	19	8	18	 	20	0.00	92.6%	85	71	82.45	2.8
6995	8	15	20	19	18	16	19	6	19	 	20	0.00	90.9%	81	76	82.96	2.8
7124	9	16	19	20	17	17	12	8	16	 	20	0.00	87.5%	86	63	77.40	2.4
7293	9	15	18	19	18	17	19	8	13	 	20	2.00	89.8%	72	80	82.31	2.8
7321	8	15	18	0	0	12	17	8	17	 	20	1.00	65.9%	72	41	57.16	0.6
7354	9	16	20	18	19	18	18	10	19	 	20	1.00	95.5%	100	79	89.78	3.4
7408	10	15	20	18	18	18	19	10	18	 	20	0.67	94.7%	90	90	91.88	3.6
7440	6	15	14	17	19	15	11	6	 	 	20	0.00	69.9%	77	40	59.35	0.8
7610	9	16	20	19	20	19	19	10	20	 	20	0.00	97.7%	101	96	97.69	4.0
7672	10	16	16	18	0	17	17	0	16	 	20	0.00	73.9%	78	48	64.35	1.2
7794	9	16	20	18	17	17	18	10	15	 	20	0.00	90.9%	98	81	88.36	3.3
7921	9	16	20	18	18	20	19	10	14	 	20	2.33	94.5%	77	83	86.40	3.1
7926	10	16	20	20	17	17	19	9	17	 	20	0.00	93.8%	97	71	85.30	3.0
7974	10	15	14	17	19	17	16	8	18	 	20	0.00	87.5%	81	73	80.40	2.6
7993	7	8	18	7	11	5	4	7	14	 	20	0.00	57.4%	54	23	42.95	0.0
8527	9	15	17	20	18	16	15	7	 	 	12	0.00	73.3%	87	76	77.12	2.3
8545	10	15	18	16	17	17	15	10	13	 	20	0.00	85.8%	88	67	78.72	2.5
8670	10	16	20	19	20	18	19	9	20	 	20	0.00	97.2%	92	84	90.86	3.5
8812	10	13	12	12	10	6	9	 	 	 	15	0.00	49.4%	55	 	30.77	0.0
9118	7	14	18	16	16	17	17	8	18	 	20	0.00	85.8%	88	63	77.12	2.3
9163	9	16	18	13	17	15	15	6	13	 	20	0.00	80.7%	74	47	65.87	1.4
9339	6	15	18	14	15	12	12	8	14	 	18	0.00	75.0%	90	89	83.60	2.9
9370	10	16	20	19	18	16	18	7	16	 	12	0.00	86.4%	84	80	83.35	2.9
9395	10	16	20	19	19	18	20	9	15	 	20	0.00	94.3%	91	87	90.73	3.5
9568	8	15	20	18	18	16	20	9	16	 	20	0.00	90.9%	94	93	92.36	3.6
9713	9	15	 	12	 	 	 	 	 	 	0	0.00	20.5%	 	 	8.18	0.0
9756	9	16	20	16	16	18	18	10	18	 	20	0.00	91.5%	92	85	88.99	3.4
9885	10	16	19	0	14	16	14	6	3	 	18	0.00	65.9%	74	72	69.96	1.7
10001	9	15	18	18	16	17	15	10	19	 	20	0.00	89.2%	87	80	85.08	3.0
10296	10	13	13	18	17	 	 	 	 	 	20	0.00	51.7%	84	 	37.48	0.0
10509	8	16	19	17	11	11	14	9	16	 	18	0.00	79.0%	61	63	68.99	1.6
10738	9	16	19	18	18	17	19	9	16	 	20	0.00	91.5%	91	89	90.39	3.5
10829	9	14	19	14	14	18	18	7	15	 	20	0.00	84.1%	88	81	83.64	2.9
10863	10	15	19	18	19	18	18	8	14	 	20	2.67	91.9%	93	79	86.94	3.2
11004	10	16	18	20	18	20	20	10	16	 	20	0.00	95.5%	89	79	87.58	3.2
11204	8	16	20	17	19	18	19	7	16	 	20	0.00	90.9%	72	53	71.96	1.9
11349	9	16	13	19	16	19	18	9	18	 	20	0.00	89.2%	84	63	77.68	2.4
11884	9	16	20	19	17	19	16	7	14	 	20	0.00	89.2%	92	82	86.88	3.2
11920	9	15	17	13	18	0	16	5	12	 	20	0.00	71.0%	77	64	69.41	1.7
11952	10	14	20	19	19	17	18	9	17	 	20	3.00	94.3%	88	85	89.33	3.4
11953	9	16	20	18	18	17	18	9	16	 	20	3.00	93.2%	64	60	74.07	2.1
12012	8	14	19	18	18	20	17	8	21	 	20	0.00	92.6%	75	65	78.05	2.4
12098	10	16	19	18	15	20	18	8	18	 	18	0.00	90.9%	92	85	88.76	3.3
12132	9	14	15	18	17	16	19	7	10	 	20	0.33	82.6%	85	81	82.43	2.8
12172	9	10	20	19	19	19	17	9	20	 	20	2.33	93.4%	71	62	76.35	2.3
12529	10	16	14	18	18	18	16	3	16	 	20	0.00	84.7%	82	78	81.46	2.7
12755	9	16	20	19	17	17	18	9	19	 	20	0.00	93.2%	86	88	89.67	3.4
12920	10	16	18	18	16	 	 	 	 	 	12	0.00	51.1%	89	39	53.85	0.0
12939	9	15	20	19	17	19	18	9	20	 	20	0.00	94.3%	94	89	92.13	3.6
13129	9	15	15	16	16	14	16	5	17	 	20	0.00	81.3%	95	75	81.50	2.7
13260	10	16	20	18	17	16	18	9	15	 	20	0.00	90.3%	86	86	87.74	3.3
13845	9	15	20	18	18	17	15	10	16	 	20	0.00	89.8%	88	77	84.31	3.0
13938	9	16	20	17	20	16	20	9	18	 	20	1.00	94.3%	83	89	89.93	3.4
14055	10	15	20	17	18	18	18	10	18	 	20	0.00	93.2%	87	64	80.27	2.6
14063	10	16	20	19	16	17	17	8	19	 	20	0.33	92.2%	81	88	88.29	3.3
14413	10	15	20	20	19	20	19	10	18	 	20	0.00	97.2%	89	82	89.46	3.4
14770	10	16	19	20	17	14	18	8	15	 	20	0.00	89.2%	87	80	85.08	3.0
14860	8	16	20	14	18	19	20	7	17	 	20	0.00	90.3%	93	82	87.54	3.2
14867	9	16	20	16	17	15	17	9	17	 	20	0.00	88.6%	88	80	85.05	3.0
14991	10	16	20	17	17	19	20	8	17	 	20	0.00	93.2%	85	80	86.27	3.1
15275	9	16	20	18	19	18	17	9	18	 	20	0.00	93.2%	79	68	80.27	2.6
15309	9	16	20	17	18	18	16	10	17	 	20	0.00	91.5%	79	82	85.19	3.0
15341	8	14	8	9	16	16	18	7	16	 	20	0.33	75.2%	87	50	67.48	1.5
15343	10	14	13	13	15	14	 	 	 	 	20	0.00	56.3%	73	35	51.10	0.0
15364	9	16	20	19	19	18	18	8	18	 	20	2.67	95.3%	92	101	96.91	4.0
15373	10	15	20	16	18	20	20	10	21	 	20	0.00	96.6%	97	80	90.04	3.5
15389	10	16	20	19	17	19	18	9	19	 	20	1.00	95.5%	93	100	96.78	4.0
15395	8	15	20	17	19	18	20	10	17	 	20	0.00	93.2%	101	82	90.27	3.5
15435	6	15	11	0	0	5	16	4	16	 	20	0.00	52.8%	66	26	44.74	0.0
15489	8	14	11	16	15	12	0	7	0	 	20	0.00	58.5%	90	59	65.01	1.3
15521	10	15	20	17	16	17	18	9	17	 	20	0.00	90.3%	85	77	83.94	2.9
15523	8	15	20	20	19	20	17	10	21	 	20	1.00	97.2%	100	94	96.46	3.9
15524	10	16	17	19	17	20	18	10	17	 	20	3.00	94.9%	86	99	94.75	3.8
15732	8	15	14	17	17	19	19	9	17	 	20	3.00	89.8%	88	94	91.11	3.5
15885	10	16	20	19	19	19	20	8	21	 	20	3.00	99.4%	97	101	99.57	4.0
15916	10	16	20	18	17	17	20	8	18	 	20	3.00	94.9%	66	47	69.95	1.7
15917	9	14	15	15	14	15	15	6	16	 	20	1.00	79.5%	92	84	83.82	2.9
15982	9	15	19	18	19	20	19	10	20	 	20	0.33	96.2%	96	93	94.88	3.8
16147	8	16	20	19	19	17	18	10	19	 	20	0.00	94.3%	92	76	86.53	3.1
16303	9	16	18	17	16	16	18	8	16	 	20	3.00	89.2%	92	89	89.68	3.4
16337	9	16	18	13	19	13	19	8	16	 	20	0.00	85.8%	84	89	86.72	3.2
16393	8	15	18	17	13	18	18	7	19	 	20	0.00	86.9%	84	86	85.97	3.1
16394	9	11	7	 	 	 	 	 	 	 	9	0.00	20.5%	50	8	21.38	0.0
16421	10	15	20	17	19	0	0	8	14	 	20	0.00	69.9%	89	64	71.35	1.8
16482	8	15	18	0	10	19	13	6	10	 	20	0.00	67.6%	67	17	47.25	0.0
16517	8	15	18	16	0	 	 	 	 	 	20	0.00	43.8%	75	 	32.50	0.0
16518	9	16	14	17	18	18	19	9	14	 	20	0.00	87.5%	87	87	87.20	3.2
16700	8	16	18	16	12	16	15	8	9	 	20	0.00	78.4%	69	71	73.56	2.0
16825	6	14	18	11	15	13	 	8	3	 	15	0.00	58.5%	33	7	32.81	0.0
16970	9	16	20	16	19	17	18	9	18	 	20	0.00	92.0%	88	84	88.02	3.3
16973	9	16	20	20	16	18	16	8	14	 	20	0.00	89.2%	79	86	85.88	3.1
17005	8	9	19	18	6	4	10	6	12	 	18	0.00	62.5%	58	20	44.60	0.0
17046	8	16	18	18	6	5	 	 	 	 	20	0.00	51.7%	58	 	32.28	0.0
17137	9	 	 	 	 	 	 	 	 	 	6	0.00	8.5%	39	 	11.21	0.0
17287	10	16	20	18	16	14	16	8	15	 	20	0.00	86.9%	77	64	75.77	2.2
17289	8	16	18	0	0	13	0	8	17	 	20	0.00	56.8%	72	30	49.13	-0.1
17292	9	16	19	17	16	17	0	7	11	 	20	0.00	75.0%	93	69	76.20	2.3
17349	10	15	20	19	16	18	20	10	21	 	20	2.33	97.3%	91	90	93.14	3.7
17443	8	16	20	17	19	17	18	10	18	 	20	0.33	92.8%	87	95	92.52	3.7
17685	9	16	20	17	17	17	16	8	15	 	20	0.00	88.1%	67	75	78.63	2.5
17839	10	16	20	19	18	11	 	5	7	 	12	0.00	67.0%	72	53	62.42	1.1
17967	10	16	20	20	20	20	19	8	19	 	20	0.67	98.1%	97	79	90.24	3.5
18007	8	15	17	19	19	12	16	7	17	 	20	0.00	85.2%	82	74	80.09	2.6
18136	8	16	14	16	17	12	0	9	14	 	20	0.00	71.6%	82	62	69.84	1.7
18247	9	15	20	19	19	15	19	10	16	 	20	0.00	92.0%	97	95	94.22	3.8
18282	10	15	20	17	13	17	16	8	12	 	20	0.33	84.3%	66	43	64.11	1.2
18378	8	14	17	17	17	16	17	8	15	 	20	0.00	84.7%	87	81	83.66	2.9
18860	10	16	18	16	17	18	19	9	18	 	18	0.00	90.3%	97	76	85.94	3.1
18863	10	14	20	17	18	13	17	9	17	 	20	0.00	88.1%	65	58	71.43	1.8
18949	8	14	18	17	17	19	18	9	16	 	20	0.00	88.6%	90	91	89.85	3.4
19217	8	11	12	9	12	0	 	 	 	 	15	0.00	38.1%	70	22	38.03	0.0
19301	8	15	12	19	15	18	17	8	13	 	20	0.00	82.4%	93	90	87.55	3.2
19309	9	15	19	16	17	16	0	7	13	 	20	0.00	75.0%	80	53	67.20	1.5
19332	7	15	18	17	18	14	18	7	17	 	20	1.00	86.4%	80	77	81.35	2.7
19394	10	16	18	19	19	18	16	8	13	 	20	0.00	89.2%	92	91	90.48	3.5
19401	8	14	13	15	12	16	15	6	9	 	20	0.00	72.7%	65	57	64.89	1.3
19610	9	15	18	17	16	18	16	10	21	 	20	0.00	90.9%	86	74	83.16	2.9
19721	9	16	20	17	18	16	15	 	15	 	20	3.00	84.7%	89	62	76.46	2.3
19753	10	16	20	19	19	19	19	9	19	 	20	0.67	97.0%	83	85	89.39	3.4
19761	9	16	19	16	18	16	16	9	15	 	20	0.00	87.5%	94	83	87.00	3.2
19880	10	16	20	20	20	19	19	10	20	 	20	0.00	98.9%	98	94	96.75	3.9
19930	10	16	20	18	20	20	19	8	19	 	12	0.00	92.0%	87	79	85.82	3.1
20138	9	16	16	19	18	17	19	10	14	 	20	0.00	89.8%	92	77	85.11	3.0
20143	5	14	18	12	14	 	 	 	 	 	15	0.00	44.3%	77	17	39.93	0.0
20265	10	16	18	19	17	18	17	9	20	 	20	0.00	93.2%	98	88	92.07	3.6
20325	6	15	16	16	12	0	16	0	18	 	20	0.00	67.6%	97	90	82.45	2.8
20357	8	15	17	16	16	17	18	8	12	 	20	0.00	83.5%	72	47	66.61	1.4
20365	10	16	17	19	18	17	19	8	17	 	20	0.00	91.5%	88	73	83.39	2.9
20628	9	15	20	19	17	15	16	7	15	 	20	0.00	86.9%	75	73	78.97	2.5
20744	9	16	20	19	20	18	18	10	20	 	20	0.00	96.6%	94	98	96.64	3.9
20783	9	16	19	20	19	15	19	9	19	 	20	2.00	94.9%	92	95	94.35	3.8
20807	10	16	20	20	16	18	19	9	19	 	20	0.00	94.9%	88	79	87.15	3.2
20877	9	16	20	19	18	0	19	8	16	 	20	0.00	82.4%	77	60	72.35	1.9
21043	7	15	20	15	17	13	12	6	7	 	12	0.00	70.5%	87	56	67.98	1.5
21104	6	13	20	16	20	17	20	7	20	 	20	0.67	90.7%	95	93	92.49	3.7
21612	10	16	20	19	17	20	 	9	15	 	20	0.00	83.0%	96	84	85.98	3.1
21620	8	15	17	15	13	19	18	8	13	 	20	0.00	83.0%	78	77	79.58	2.5
21684	9	16	20	19	17	20	20	9	15	 	20	0.00	93.8%	88	85	89.10	3.4
21738	10	16	20	18	19	20	19	8	18	 	20	0.00	95.5%	101	96	96.78	4.0
21774	9	16	20	20	16	20	18	10	17	 	20	0.00	94.3%	90	100	95.73	3.9
21836	9	14	20	19	19	18	17	10	20	 	20	0.00	94.3%	94	87	91.33	3.5
21998	9	16	19	18	19	17	 	9	14	 	20	1.33	80.9%	98	91	88.35	3.3
22006	9	16	20	19	18	19	19	10	21	 	20	0.00	97.2%	84	92	92.46	3.7
22029	8	16	20	16	16	18	16	8	18	 	20	2.67	90.2%	86	89	88.86	3.4
22032	9	16	19	18	16	18	20	9	15	 	20	0.00	90.9%	95	82	88.16	3.3
22060	10	16	20	18	18	20	19	9	19	 	20	1.00	96.6%	97	99	97.64	4.0
22155	8	14	18	10	14	 	 	6	8	 	9	0.00	49.4%	58	39	46.97	0.0
22185	9	15	17	16	17	0	8	9	5	 	20	0.00	65.9%	65	28	50.56	0.0
22407	10	16	20	17	19	18	20	10	19	 	20	1.00	96.6%	94	81	89.84	3.4
22409	8	15	15	19	 	19	2	 	 	 	15	0.33	53.0%	71	27	46.21	0.0
22695	8	15	20	19	17	17	12	9	17	 	20	0.00	87.5%	71	56	71.60	1.9
22703	10	16	20	16	18	17	19	9	17	 	20	0.00	92.0%	91	88	90.22	3.5
22761	7	14	17	18	17	18	17	8	19	 	20	0.00	88.1%	96	93	91.63	3.6
22857	9	16	20	20	15	18	18	9	17	 	20	0.00	92.0%	90	86	89.22	3.4
22965	10	16	20	19	17	13	 	 	 	 	20	0.00	65.3%	85	62	67.94	1.5
23030	8	15	18	0	18	 	 	 	 	 	3	0.00	35.2%	 	 	14.09	0.0
23052	9	15	19	14	17	0	0	3	 	 	20	0.00	55.1%	77	28	48.65	0.0
23089	6	15	18	15	16	15	15	7	12	 	20	0.00	79.0%	92	90	85.99	3.1
23159	10	16	14	19	19	16	17	10	17	 	20	0.00	89.8%	91	89	89.71	3.4
23177	9	16	0	0	0	14	0	10	16	 	20	0.00	48.3%	76	55	56.52	0.6
23180	8	16	20	19	18	20	20	10	18	 	20	3.00	97.7%	93	96	96.09	3.9
23209	8	15	17	17	15	18	18	8	14	 	20	0.00	85.2%	92	88	87.69	3.3
23279	10	16	18	16	13	16	0	4	11	 	20	0.00	70.5%	88	65	71.78	1.9
23572	9	16	20	18	18	19	19	6	20	 	20	0.00	93.8%	100	84	91.10	3.5
23666	9	16	20	18	19	17	14	8	14	 	20	0.00	88.1%	72	65	75.63	2.2
23691	9	16	20	18	18	18	19	9	20	 	20	1.67	95.8%	90	90	92.33	3.6
23696	10	16	20	19	18	19	19	9	19	 	20	0.33	96.2%	98	89	93.68	3.8
23859	10	16	20	19	17	18	19	9	15	 	20	0.00	92.6%	94	89	91.45	3.6
23897	10	16	20	16	20	20	18	10	19	 	20	0.00	96.0%	96	92	94.41	3.8
23917	10	16	20	17	18	18	18	7	19	 	20	0.00	92.6%	94	89	91.45	3.6
23925	10	16	20	17	18	19	17	8	14	 	20	0.00	90.3%	89	76	84.34	3.0
23957	10	16	20	20	18	19	17	9	20	 	20	0.00	96.0%	95	98	96.61	3.9
23989	9	14	20	18	16	18	19	8	17	 	20	1.67	91.3%	94	83	88.52	3.3
24014	7	15	20	18	18	17	17	7	13	 	20	0.00	86.4%	94	100	93.35	3.7
24045	8	15	20	17	17	19	17	8	18	 	20	0.00	90.3%	93	87	89.54	3.4
24046	9	8	17	18	16	17	16	7	19	 	20	0.00	83.5%	85	83	83.61	2.9
24049	9	16	16	17	15	18	7	10	17	 	20	0.00	82.4%	98	90	88.55	3.3
24052	10	15	17	17	19	19	20	7	14	 	20	0.00	89.8%	97	86	89.71	3.4
24115	9	15	15	18	18	14	17	10	19	 	20	0.00	88.1%	92	84	87.23	3.2
24170	9	16	14	17	14	13	15	7	13	 	20	0.67	78.8%	79	77	78.12	2.4
24171	10	16	20	19	20	20	19	9	16	 	20	0.00	96.0%	101	101	99.01	4.0
24441	10	16	20	20	19	20	20	9	18	 	20	0.33	97.9%	83	95	93.77	3.8
24526	9	15	20	17	17	0	19	0	0	 	20	0.00	66.5%	86	64	69.39	1.7
24592	10	16	20	19	18	19	19	10	17	 	20	0.33	95.6%	101	82	91.26	3.5
24686	9	16	20	19	20	0	19	10	18	 	20	0.00	85.8%	79	75	80.12	2.6
24893	9	16	14	14	15	14	16	8	12	 	20	0.00	78.4%	69	57	67.96	1.5
24917	10	15	20	17	20	20	20	8	19	 	20	0.00	96.0%	85	83	88.61	3.3
25163	10	15	20	20	19	19	18	 	18	 	20	0.00	90.3%	85	92	89.94	3.4
25165	8	15	 	15	9	14	14	6	 	 	6	0.00	49.4%	96	55	60.97	0.9
25194	10	16	20	20	19	19	18	8	16	 	18	0.00	93.2%	73	57	74.67	2.1
25290	9	16	20	17	19	19	0	8	16	 	20	0.00	81.8%	86	69	77.53	2.4
25399	9	13	13	14	13	16	13	5	15	 	20	0.00	74.4%	69	67	70.37	1.8
25611	10	16	18	18	17	18	17	9	19	 	20	0.00	92.0%	94	90	91.62	3.6
26099	10	16	20	20	17	19	18	10	19	 	20	0.00	96.0%	81	85	88.61	3.3
26194	6	16	18	 	13	19	15	 	 	 	3	0.00	51.1%	65	7	36.25	0.0
26252	10	16	19	18	18	19	20	9	19	 	20	0.00	95.5%	92	86	90.98	3.5
26394	9	16	19	13	12	0	0	 	15	 	15	0.00	56.3%	80	33	51.70	0.1
26448	10	16	16	18	19	0	19	9	21	 	20	0.00	84.1%	101	99	93.44	4.0
26647	10	16	20	18	20	19	17	9	18	 	18	0.00	93.8%	73	73	81.30	2.7
26922	10	15	20	16	20	16	19	10	12	 	20	0.00	89.8%	97	95	93.31	3.7
26957	8	15	17	18	0	19	15	10	11	 	20	2.33	76.9%	58	40	58.36	0.7
27115	10	16	20	19	17	18	20	8	15	 	20	0.33	92.8%	101	99	96.92	4.0
27254	9	9	19	4	11	0	6	 	0	 	9	0.00	38.1%	59	26	37.43	0.0
27308	9	16	18	18	16	12	13	3	16	 	20	0.00	80.1%	67	59	69.05	1.6
27343	10	15	20	20	20	19	19	10	16	 	20	0.00	96.0%	101	94	96.21	3.9
27853	7	16	14	16	17	15	16	7	16	 	20	0.67	82.2%	89	71	79.08	2.5
27861	10	16	18	0	16	16	16	8	12	 	20	0.00	75.0%	74	62	69.60	1.7
27961	9	16	18	18	17	17	15	9	13	 	20	0.00	86.4%	92	77	83.75	2.9
28078	9	16	15	15	10	9	10	6	17	 	20	0.00	72.2%	58	35	54.46	0.0
28080	9	16	19	20	19	20	19	10	18	 	20	0.00	96.6%	83	76	85.64	3.1
28084	10	16	20	20	20	20	20	9	19	 	20	0.00	98.9%	96	101	99.15	4.0
28111	9	16	20	20	18	19	18	9	17	 	20	0.00	94.3%	77	42	69.93	1.7
28113	10	16	20	18	15	15	18	9	20	 	20	0.00	91.5%	93	83	88.39	3.3
28182	10	13	17	16	10	9	15	8	15	 	20	0.33	75.8%	87	97	86.50	3.1
28209	6	15	17	5	 	 	 	 	 	 	3	0.00	26.1%	48	 	20.05	0.0
28337	10	16	20	19	19	16	19	9	20	 	20	0.33	95.6%	92	85	90.66	3.5
28348	9	16	18	17	13	18	17	9	20	 	20	0.00	89.2%	82	69	79.68	2.6
28405	9	15	19	19	15	17	16	8	15	 	20	0.33	87.1%	87	84	85.85	3.1
28466	9	15	 	 	 	 	 	 	20	 	9	0.00	30.1%	88	82	62.45	1.1
28499	10	16	20	18	18	20	20	7	15	 	20	0.67	93.6%	91	89	91.22	3.5
28501	7	15	9	15	13	15	16	4	13	 	20	0.00	72.2%	86	65	72.06	1.9
28694	10	15	20	19	18	16	19	8	19	 	20	0.00	93.2%	74	68	79.27	2.5
28696	10	15	20	19	16	11	18	9	16	 	20	0.33	87.7%	70	63	74.28	2.1
28853	10	16	20	19	19	17	1	9	15	 	18	0.00	81.8%	41	29	52.53	0.0
28880	9	15	20	19	20	19	19	10	21	 	20	0.00	97.7%	96	 	58.29	0.7
28944	10	16	20	16	18	17	15	8	16	 	20	0.00	88.6%	85	74	82.05	2.8
29016	10	16	19	17	15	18	16	10	19	 	20	0.00	90.9%	97	89	91.36	3.5
29279	7	16	18	1	1	6	10	7	12	 	20	0.00	55.7%	62	40	50.67	0.0
29351	9	16	20	18	18	18	14	8	18	 	20	0.00	90.3%	73	69	78.34	2.4
29783	10	15	16	16	16	11	18	 	4	 	20	0.00	71.6%	55	34	53.24	0.0
29850	9	13	20	17	17	18	0	9	18	 	20	0.00	80.1%	74	60	70.85	1.8
30003	9	16	20	17	17	16	17	9	16	 	20	0.00	89.2%	92	77	84.88	3.0
30357	10	16	20	20	17	20	17	7	17	 	20	0.00	93.2%	97	100	96.67	3.9
30379	10	16	19	19	18	18	19	8	18	 	20	0.33	93.9%	82	95	91.98	3.6
30476	9	16	20	19	20	20	0	9	17	 	20	0.00	85.2%	88	85	85.69	3.1
30618	10	16	20	18	18	18	20	10	20	 	20	0.00	96.6%	100	99	98.24	4.0
30733	10	16	20	20	19	18	19	8	20	 	18	0.00	95.5%	92	94	94.18	3.8
30773	8	15	19	18	16	20	18	7	20	 	20	0.00	91.5%	96	82	88.59	3.3
30802	7	12	6	2	7	1	 	 	 	 	20	0.00	31.3%	57	24	33.50	0.0
30903	 	15	20	19	19	18	14	7	8	 	20	0.00	79.5%	94	80	82.62	2.8
30960	9	16	8	13	 	 	 	 	 	 	18	0.33	36.6%	51	20	32.82	0.0
30964	10	15	20	20	18	18	17	9	16	 	20	0.00	92.6%	94	91	92.25	3.6
30995	8	14	19	17	15	13	14	9	19	 	20	0.00	84.1%	85	68	77.84	2.4
31012	 	15	19	0	0	 	 	 	 	 	20	0.00	30.7%	75	 	27.27	0.0
31119	9	14	17	20	15	19	16	8	16	 	20	0.00	87.5%	89	66	79.20	2.5
31145	10	15	16	16	16	16	10	8	13	 	18	0.00	78.4%	61	43	60.76	0.9
31251	10	16	20	15	17	0	20	8	14	 	20	0.00	79.5%	84	74	78.22	2.4
31436	10	16	17	19	18	20	20	10	19	 	20	0.00	96.0%	96	90	93.61	3.8
31471	6	9	17	15	19	16	19	9	18	 	15	0.00	81.3%	49	35	56.30	0.0
31571	8	16	18	17	3	2	3	9	15	 	20	0.00	63.1%	47	50	54.63	0.0
31577	10	16	20	19	20	19	19	 	17	 	12	0.00	86.4%	98	89	89.75	3.4
31727	8	15	17	18	17	18	19	10	20	 	20	0.00	92.0%	89	89	90.22	3.5
31757	9	16	20	16	20	20	18	9	19	 	20	0.00	94.9%	101	92	94.95	3.9
31759	9	16	20	18	18	16	20	8	20	 	20	0.33	93.9%	86	91	91.18	3.6
31894	10	16	18	8	12	 	 	 	 	 	20	0.00	47.7%	73	22	42.49	0.0
31958	10	16	18	17	19	17	20	9	19	 	12	0.00	89.2%	97	96	93.48	3.8
32073	7	15	20	18	14	16	17	5	13	 	20	0.00	82.4%	69	69	74.35	2.1
32306	9	15	16	14	17	18	19	9	19	 	18	0.00	87.5%	94	80	85.80	3.1
32398	9	16	20	18	19	19	20	10	18	 	20	0.00	96.0%	100	90	94.41	3.8
32540	10	16	19	12	17	13	17	10	17	 	20	0.33	86.0%	75	68	76.59	2.3
32718	9	15	19	18	17	19	20	10	12	 	20	0.00	90.3%	92	84	88.14	3.3
32766	8	15	18	17	17	17	17	7	18	 	20	0.00	87.5%	79	82	83.60	2.9
32779	10	11	19	17	14	12	 	 	 	 	20	0.00	58.5%	75	34	52.01	0.0
32782	9	15	19	18	20	20	19	8	14	 	20	0.00	92.0%	93	91	91.82	3.6
32826	9	16	18	17	17	19	19	10	18	 	20	0.00	92.6%	94	90	91.85	3.6
32949	10	16	20	14	16	19	18	8	20	 	20	0.00	91.5%	90	86	88.99	3.4
33136	9	16	20	19	12	5	10	8	13	 	18	0.00	73.9%	68	53	64.35	1.2
33143	9	16	17	19	15	17	18	9	19	 	20	0.00	90.3%	91	90	90.34	3.5
33362	9	16	19	18	16	11	16	8	12	 	20	0.00	82.4%	80	65	74.95	2.1
33501	10	14	19	15	16	20	18	7	14	 	20	0.33	87.1%	82	56	73.65	2.0
33519	10	15	18	18	14	16	14	9	17	 	20	0.00	85.8%	93	91	89.32	3.4
33620	10	16	17	18	18	18	17	9	18	 	20	0.00	91.5%	84	59	76.99	2.3
33777	10	15	15	19	20	18	20	7	20	 	20	0.00	93.2%	90	67	82.07	2.8
34129	8	15	17	0	0	5	6	8	9	 	0	0.00	38.6%	49	17	32.05	0.0
35223	10	16	20	20	19	18	18	10	19	 	20	0.00	96.6%	101	89	94.44	3.8
35451	9	16	20	20	19	18	18	8	16	 	20	1.00	93.8%	79	70	81.30	2.7
35577	10	14	19	18	14	18	17	10	14	 	20	0.00	87.5%	74	47	68.60	1.6
35635	9	15	19	17	15	17	19	8	17	 	20	0.00	88.6%	96	86	89.05	3.4
35894	6	14	19	16	16	15	18	10	19	 	20	0.00	86.9%	80	71	79.17	2.5
36123	9	15	20	19	18	17	16	8	20	 	20	0.00	92.0%	82	74	82.82	2.8
36238	10	16	17	17	19	17	20	10	18	 	20	0.00	93.2%	84	72	82.87	2.8
36909	10	14	7	10	 	 	 	 	 	 	3	0.00	25.0%	31	 	16.20	0.0
36913	9	16	20	18	17	20	18	9	17	 	20	0.00	93.2%	66	64	76.07	2.2
37045	8	14	15	16	13	19	18	6	14	 	20	0.00	81.3%	57	53	65.10	1.3
37079	9	14	19	19	14	18	18	9	19	 	20	0.00	90.3%	77	74	81.14	2.7
37108	10	16	10	10	15	15	13	8	17	 	20	0.00	76.1%	93	84	82.65	2.8
37203	10	16	20	18	17	20	19	10	13	 	20	0.00	92.6%	100	101	97.45	4.0
37206	9	16	20	19	17	18	18	8	17	 	20	0.33	92.2%	89	69	82.29	2.8
37211	9	16	20	18	19	20	18	7	19	 	20	0.00	94.3%	90	80	87.73	3.3
37238	9	16	16	8	13	16	17	9	17	 	20	0.00	80.1%	84	77	79.65	2.6
37265	10	15	19	18	17	16	19	9	19	 	20	0.00	92.0%	79	85	86.62	3.2
37276	9	15	20	17	16	14	16	7	16	 	20	0.00	85.2%	97	83	86.69	3.2
37625	7	16	19	15	16	13	15	8	11	 	20	0.00	79.5%	75	59	70.42	1.8
38013	9	16	20	19	20	16	18	9	17	 	20	0.00	93.2%	88	83	88.07	3.3
38099	9	16	19	19	15	0	17	7	17	 	20	0.00	79.0%	73	68	73.39	2.0
38223	10	16	18	 	18	17	17	8	18	 	20	0.00	80.7%	93	97	89.67	3.4
38227	10	16	20	20	20	19	19	9	20	 	20	1.00	98.9%	97	89	94.55	3.8
38449	9	15	20	18	19	18	17	9	19	 	20	2.67	94.7%	91	93	93.28	3.7
38701	10	16	20	20	19	19	18	9	14	 	20	0.00	93.8%	99	86	91.70	3.6
38729	6	14	18	0	13	10	17	5	13	 	20	0.00	65.9%	64	43	56.36	0.5
38892	9	15	20	15	17	13	19	7	18	 	20	0.00	86.9%	85	88	86.97	3.2
38999	10	16	17	19	18	19	18	10	19	 	20	2.33	95.6%	94	76	87.46	3.2
39403	7	16	14	16	16	11	15	8	14	 	20	0.33	78.0%	97	91	87.01	3.2
39625	10	16	20	17	17	17	17	10	15	 	20	0.00	90.3%	89	76	84.34	3.0
39661	10	16	20	19	18	19	20	8	16	 	20	0.00	94.3%	95	90	92.73	3.7
39899	9	16	19	18	16	16	19	10	13	 	20	0.00	88.6%	86	75	82.65	2.8
39971	8	15	17	18	16	18	14	8	18	 	20	0.00	86.4%	92	89	88.55	3.3
40001	10	15	19	15	14	15	18	8	11	 	20	0.00	82.4%	93	85	85.55	3.1
40262	10	16	12	16	18	11	19	9	17	 	20	0.67	84.5%	87	70	79.19	2.5
40432	10	16	20	17	19	14	20	1	14	 	20	0.00	85.8%	78	75	79.92	2.6
40531	10	15	20	19	17	13	17	9	15	 	20	0.00	88.1%	89	76	83.43	2.9
40532	10	15	19	18	16	15	18	9	16	 	20	0.00	88.6%	85	78	83.65	2.9
40817	10	16	19	18	20	13	20	9	19	 	20	0.00	93.2%	86	75	84.47	3.0
41088	10	16	20	18	19	18	19	10	20	 	20	0.00	96.6%	91	91	93.24	3.7
41271	10	15	20	17	15	16	15	8	16	 	20	0.00	86.4%	93	74	82.75	2.8
41292	8	14	17	19	18	20	17	8	15	 	20	0.00	88.6%	73	73	79.25	2.5
41478	9	15	19	16	16	16	18	9	15	 	20	0.00	86.9%	95	90	89.77	3.4
41485	9	15	19	12	17	13	16	8	17	 	20	0.00	83.0%	77	67	75.38	2.2
41865	9	16	20	16	20	20	18	7	20	 	20	0.00	94.3%	99	88	92.73	3.7
41881	10	16	17	17	15	14	16	 	13	 	20	0.00	78.4%	72	70	73.76	2.0
42159	9	15	13	 	 	 	15	 	 	 	12	0.00	36.4%	34	19	28.95	0.0
42257	9	16	20	19	14	0	17	9	19	 	20	0.00	81.3%	84	81	81.70	2.7
42389	10	16	20	18	14	13	15	9	14	 	18	0.00	83.5%	94	66	78.61	2.5
42454	8	16	19	20	15	18	19	9	19	 	20	0.00	92.6%	98	85	90.65	3.5
42514	9	14	20	15	15	16	16	8	 	 	20	0.00	75.6%	93	74	78.43	2.4
42674	10	16	20	0	20	18	19	7	17	 	20	0.00	83.5%	86	79	82.21	2.8
42915	10	15	20	20	19	19	19	10	20	 	20	0.00	97.7%	99	85	92.89	3.7
43030	10	16	20	20	20	20	19	10	20	 	20	1.00	100.0%	99	91	96.20	3.9
43816	9	16	17	18	17	19	17	9	15	 	20	0.00	89.2%	74	74	80.08	2.6
43895	8	15	20	17	15	19	19	9	19	 	20	0.00	91.5%	85	83	86.79	3.2
43930	9	15	20	17	16	18	16	10	13	 	20	2.33	88.8%	61	22	56.53	0.0
43988	10	15	18	19	19	17	18	8	12	 	15	1.33	86.6%	72	57	71.82	1.9
43989	5	14	11	11	9	9	11	4	7	 	20	0.00	57.4%	79	44	56.35	0.0
44080	10	16	20	18	17	20	19	9	17	 	20	0.00	94.3%	101	84	91.53	3.6
44083	9	16	20	19	19	20	20	10	20	 	20	2.00	99.4%	99	86	93.97	3.8
44274	7	16	20	18	20	18	19	10	19	 	20	0.00	94.9%	86	75	85.15	3.0
44345	10	16	20	20	18	17	19	10	17	 	20	2.00	96.0%	101	92	95.41	3.9
44370	10	16	20	18	17	18	19	10	20	 	20	0.00	95.5%	96	85	91.38	3.5
44395	8	15	20	17	17	17	16	9	16	 	20	0.00	88.1%	79	54	72.63	1.9
44430	8	15	20	17	18	17	0	8	17	 	20	0.00	79.5%	81	79	79.62	2.6
44598	9	15	19	17	17	17	19	8	19	 	20	0.00	90.9%	78	77	82.76	2.8
44654	9	15	19	18	19	16	13	5	15	 	20	0.00	84.7%	68	49	67.06	1.5
44843	8	16	20	20	18	18	19	9	19	 	20	2.33	96.2%	99	98	97.48	4.0
44888	10	16	20	19	19	19	18	9	18	 	20	0.67	95.8%	86	77	86.33	3.1
45065	10	16	20	19	20	19	19	8	19	 	20	2.33	97.9%	101	101	99.77	4.0
45131	8	15	19	17	15	0	16	3	0	 	20	0.67	64.6%	63	20	46.43	0.0
45155	10	16	20	16	18	18	19	9	18	 	20	0.00	93.2%	100	99	96.87	4.0
45157	8	 	18	12	12	5	 	 	12	 	20	0.00	49.4%	74	45	52.57	0.0
45256	8	16	20	18	19	18	17	7	15	 	20	0.00	89.8%	94	92	91.51	3.6
45315	10	16	20	17	18	20	20	9	18	 	20	0.00	95.5%	100	98	97.38	4.0
45344	9	16	20	18	20	20	19	10	20	 	20	2.67	99.2%	98	93	96.50	3.9
45348	8	16	20	15	18	18	17	9	18	 	20	1.00	90.9%	84	85	87.16	3.2
45388	10	16	20	16	16	19	19	8	17	 	20	0.33	91.7%	65	61	74.07	2.1
45483	10	16	20	18	17	14	12	10	17	 	20	0.00	87.5%	57	52	67.20	1.5
45551	9	16	20	20	19	19	19	10	20	 	20	0.67	98.1%	94	99	97.64	4.0
45646	10	15	18	17	15	13	12	8	16	 	20	0.00	81.8%	65	35	59.73	0.8
45674	10	16	19	18	17	19	19	10	18	 	20	0.00	94.3%	96	99	96.53	3.9
45772	9	11	19	18	16	11	10	8	15	 	20	0.00	77.8%	77	64	72.14	1.9
45945	9	16	20	19	18	18	19	10	16	 	20	0.00	93.8%	91	64	81.30	2.7
45969	9	15	18	17	19	18	15	8	20	 	6	0.33	82.6%	93	74	81.23	2.7
46063	8	16	20	17	16	18	15	7	12	 	20	0.00	84.7%	98	84	87.06	3.2
46095	9	16	20	17	16	20	20	9	17	 	20	0.67	93.6%	79	72	82.02	2.8
46179	5	15	0	15	0	18	 	 	 	 	15	0.00	38.6%	37	 	22.85	0.0
46209	10	15	18	15	18	0	0	8	18	 	20	0.00	69.3%	93	96	84.73	3.7
46277	10	15	19	20	18	18	18	6	19	 	20	0.00	92.6%	89	97	93.65	3.8
46348	10	16	16	17	18	16	18	7	19	 	20	0.00	89.2%	95	81	87.08	3.2
46517	10	15	20	18	18	18	18	9	18	 	20	0.00	93.2%	94	87	90.87	3.5
46637	9	15	19	18	19	18	19	10	18	 	20	0.00	93.8%	84	84	87.90	3.3
46690	9	15	19	17	18	18	14	9	19	 	20	1.67	90.7%	77	76	82.09	2.8
46728	8	16	20	20	18	18	19	10	13	 	20	0.00	92.0%	92	86	89.62	3.4
46764	9	16	20	19	16	18	20	10	16	 	20	0.00	93.2%	91	89	91.07	3.5
46991	8	14	12	16	 	17	13	7	5	 	18	2.67	64.0%	73	47	59.01	0.8
47145	6	10	6	2	0	0	0	 	 	 	9	0.00	18.8%	65	22	29.30	0.0
47204	7	14	20	19	19	19	18	9	17	 	20	1.67	93.0%	99	91	93.40	3.7
47208	9	15	16	0	0	 	 	 	 	 	12	0.00	29.5%	65	22	33.62	0.0
47265	10	16	20	19	18	19	20	9	18	 	20	1.33	96.8%	99	101	98.91	4.0
47388	10	15	17	17	16	15	18	9	16	 	20	0.00	86.9%	74	89	85.17	3.0
47510	7	12	16	18	6	0	0	 	3	 	12	0.00	42.0%	73	46	49.82	0.0
47512	10	16	20	15	16	17	18	9	18	 	20	0.00	90.3%	97	89	91.14	3.5
47742	8	16	18	17	18	16	18	 	14	 	20	0.00	82.4%	94	80	83.75	2.9
47805	10	16	20	20	19	16	16	10	17	 	20	0.00	93.2%	78	85	86.87	3.2
47895	7	16	19	17	19	17	18	9	15	 	20	0.00	89.2%	70	64	75.28	2.2
47925	8	16	19	0	18	17	18	10	15	 	20	0.00	80.1%	94	71	79.25	2.5
47937	10	15	18	19	18	16	18	9	18	 	20	0.00	91.5%	94	81	87.79	3.3
47953	6	16	20	15	19	17	17	8	12	 	20	0.00	85.2%	84	61	75.29	2.2
47955	7	15	20	20	19	17	14	8	15	 	20	0.00	88.1%	85	90	88.23	3.3
47979	7	15	19	20	17	20	18	9	19	 	20	1.33	93.9%	89	78	86.58	3.2
48082	10	16	20	18	19	18	19	9	21	 	20	0.00	96.6%	101	98	98.04	4.0
48083	10	16	20	19	19	18	20	10	19	 	20	0.00	97.2%	82	79	86.86	3.2
48085	10	15	20	17	18	16	19	9	17	 	20	0.00	91.5%	101	93	93.99	3.8
48101	8	16	20	18	19	11	19	9	16	 	20	0.00	88.6%	89	70	81.25	2.7
48109	9	16	17	16	15	17	17	8	19	 	20	0.00	87.5%	93	89	89.20	3.4
48137	10	16	18	16	16	16	12	9	8	 	20	0.00	80.1%	63	56	67.05	1.5
48229	10	16	19	17	18	20	18	8	19	 	20	0.00	93.8%	75	56	74.90	2.1
48906	8	16	17	17	18	13	13	9	16	 	20	0.00	83.5%	89	81	83.61	2.9
48970	10	16	20	20	19	18	19	10	20	 	20	0.67	98.1%	95	100	98.24	4.0
48975	10	16	20	19	19	20	20	10	18	 	20	1.00	98.3%	93	90	93.92	3.8
49018	7	15	18	15	17	16	10	5	17	 	15	0.00	76.7%	75	69	73.28	2.0
49037	10	15	14	15	15	16	15	7	14	 	20	1.33	80.9%	86	82	82.35	2.8
49045	9	15	20	20	20	19	18	10	16	 	20	0.00	94.9%	77	85	87.35	3.2
49092	8	15	18	18	19	18	18	9	19	 	20	0.00	92.0%	85	50	73.82	2.1
49094	8	15	19	11	16	16	17	6	17	 	20	0.00	82.4%	81	76	79.55	2.5
49110	10	16	20	18	18	20	19	10	17	 	20	0.00	95.5%	97	96	95.98	3.9
49154	10	15	20	19	13	14	20	10	20	 	20	0.00	91.5%	84	72	82.19	2.8
49189	6	12	8	5	 	 	 	 	 	 	9	0.00	22.7%	33	 	15.69	0.0
49494	9	16	20	18	19	17	17	10	18	 	20	0.00	93.2%	82	94	91.27	3.5
49524	10	12	14	17	15	12	11	6	14	 	20	2.33	75.8%	72	75	74.70	2.1
49525	10	15	20	17	16	20	20	9	16	 	20	0.00	92.6%	89	87	89.65	3.4
49551	10	16	20	20	19	20	19	9	17	 	20	3.00	98.3%	99	90	95.12	3.9
49605	9	16	17	15	19	18	20	10	17	 	20	1.00	92.0%	88	80	86.42	3.1
49637	10	16	20	17	20	18	17	9	 	 	20	0.00	83.5%	95	90	88.41	3.3
49645	10	15	20	20	20	20	20	10	19	 	20	0.00	98.9%	101	91	96.15	3.9
49662	10	16	20	19	19	20	19	9	18	 	20	0.00	96.6%	90	77	87.44	3.2
49696	9	15	16	0	0	12	14	6	13	 	20	0.00	59.7%	76	68	66.26	1.4
49718	9	16	19	19	19	16	18	9	17	 	20	0.00	92.0%	99	88	91.82	3.6
49936	8	16	20	14	18	16	11	1	14	 	20	0.00	78.4%	82	74	77.36	2.4
49966	8	13	18	19	17	0	12	7	10	 	20	0.33	70.6%	76	67	70.26	1.7
49968	8	16	20	20	20	19	19	10	19	 	20	2.67	98.7%	92	76	88.27	3.3
50043	8	14	17	16	11	 	16	5	14	 	20	0.00	68.8%	77	49	62.50	1.1
50147	7	12	16	16	16	18	19	7	18	 	20	0.00	84.7%	81	81	82.46	2.8
50150	8	16	20	 	 	 	 	 	 	 	15	0.33	33.7%	62	 	25.88	0.0
50156	9	15	20	19	18	16	16	9	19	 	20	0.00	91.5%	89	69	81.99	2.8
50220	10	15	18	13	14	12	15	9	14	 	20	0.00	79.5%	83	72	77.22	2.3
50297	10	14	18	18	16	17	16	7	16	 	15	0.00	83.5%	94	84	85.81	3.1
50420	9	15	17	15	16	5	15	7	18	 	20	0.00	77.8%	70	74	74.74	2.1
50512	10	16	20	16	16	16	16	7	19	 	20	0.00	88.6%	90	87	88.25	3.3
50534	6	13	18	15	14	9	4	 	 	 	18	0.00	55.1%	40	 	30.05	0.0
50541	9	14	19	17	15	13	15	6	15	 	20	0.00	81.3%	77	59	71.50	1.9
50542	10	16	20	20	18	19	19	9	18	 	20	2.00	97.2%	95	86	92.26	3.6
50564	8	9	19	16	17	15	16	7	11	 	20	0.00	78.4%	82	47	66.56	1.4
50604	8	15	19	15	13	17	 	10	14	 	12	0.00	69.9%	92	83	79.55	2.5
50681	10	16	20	19	19	18	20	9	16	 	18	0.00	93.8%	77	29	64.50	1.2
50830	10	16	18	19	18	17	18	8	17	 	20	1.00	92.0%	87	75	84.22	3.0
50837	8	14	11	17	9	5	 	 	9	 	18	0.00	51.7%	70	33	47.88	0.0
50860	8	14	20	15	17	17	19	6	13	 	20	0.00	84.7%	95	76	83.26	2.9
50991	10	15	20	20	18	19	20	10	21	 	20	3.00	100.0%	99	94	97.40	4.0
51059	8	14	20	17	17	14	17	8	17	 	20	0.00	86.4%	85	84	85.15	3.0
51113	9	15	19	11	16	15	19	9	18	 	20	3.00	87.5%	89	82	85.60	3.1
51349	10	16	19	19	18	18	20	8	20	 	20	3.00	97.2%	101	95	97.06	4.0
51374	10	16	18	18	18	17	18	8	16	 	20	0.00	90.3%	86	93	90.54	3.5
51382	8	15	16	0	 	12	15	9	16	 	20	0.00	63.1%	82	67	68.43	1.6
51436	9	14	20	18	16	18	16	9	15	 	20	0.00	88.1%	78	81	83.23	2.9
51560	10	16	20	17	17	16	0	9	17	 	20	0.00	80.7%	74	67	73.87	2.1
51624	8	11	17	18	19	16	16	9	16	 	20	0.00	85.2%	90	81	84.49	3.0
51735	10	12	16	18	17	16	6	5	13	 	20	0.33	75.8%	73	62	69.70	1.7
51792	10	16	16	19	6	17	18	7	15	 	20	0.00	81.8%	83	44	66.93	1.5
51824	10	16	20	19	18	17	20	10	18	 	20	3.00	97.2%	96	80	90.06	3.5
51825	8	15	18	19	15	17	17	7	16	 	20	1.67	87.3%	68	44	66.12	1.4
51889	7	15	17	14	11	18	17	9	16	 	20	0.00	81.8%	87	94	87.73	3.3
51924	7	14	17	17	19	10	18	10	18	 	20	0.00	85.2%	72	59	72.09	1.9
51947	9	15	14	16	13	17	15	7	14	 	20	0.67	79.9%	77	60	71.37	1.8
51975	8	16	0	0	16	2	16	9	10	 	20	0.00	55.1%	63	41	51.05	0.0
52012	10	15	20	18	12	16	17	9	17	 	20	1.00	88.1%	86	78	83.63	2.9
52044	8	11	12	15	10	4	9	6	4	 	20	0.00	56.3%	92	72	69.70	1.7
52059	9	15	20	20	17	17	18	6	16	 	20	2.67	91.3%	57	22	56.72	0.0
52149	10	15	20	17	17	17	20	10	18	 	20	2.33	94.5%	74	81	85.00	3.0
52280	10	15	17	16	16	15	18	6	15	 	20	0.00	84.1%	91	63	77.04	2.3
52296	10	16	18	16	17	17	17	9	15	 	20	0.00	88.1%	90	74	82.83	2.8
52340	9	15	20	17	19	17	18	9	15	 	20	1.33	91.1%	91	85	88.64	3.3
52341	8	10	9	2	2	6	9	4	5	 	20	0.00	42.6%	47	6	28.85	0.0
52467	7	12	17	14	17	5	0	3	 	 	20	0.00	54.0%	43	25	40.19	0.0
52493	8	15	20	16	20	15	18	7	18	 	20	0.00	89.2%	90	70	81.68	2.7
52657	9	16	20	18	17	18	19	10	18	 	20	1.00	94.3%	77	73	82.33	2.8
52791	10	16	20	19	19	18	18	9	19	 	20	0.00	95.5%	76	55	75.38	2.2
52819	8	15	16	17	10	0	18	0	14	 	20	0.00	67.0%	85	79	75.42	2.2
52913	7	16	19	18	18	18	19	7	16	 	20	0.00	89.8%	93	95	92.51	3.7
53098	9	16	20	19	16	17	18	8	19	 	20	0.00	92.0%	98	96	94.82	3.8
53166	6	16	20	5	17	8	17	9	19	 	20	0.00	77.8%	82	81	79.94	2.6
53484	9	15	20	20	18	15	19	9	13	 	20	0.00	89.8%	93	77	85.31	3.0
53627	10	16	14	17	18	17	14	8	16	 	20	0.00	85.2%	90	64	77.69	2.4
53749	9	16	20	19	0	16	0	9	18	 	20	0.00	72.2%	92	89	82.86	2.8
53869	9	15	17	17	16	20	17	7	16	 	20	0.00	87.5%	92	93	90.60	3.5
53898	10	 	19	18	17	17	19	9	13	 	20	0.00	80.7%	76	40	63.47	1.2
53901	9	15	20	19	18	18	19	7	14	 	20	1.33	91.1%	97	90	91.84	3.6
53934	6	14	17	15	13	16	19	7	13	 	20	0.00	79.5%	85	39	64.42	1.2
54160	10	15	20	19	20	20	18	10	19	 	20	0.00	97.2%	93	97	96.26	3.9
54231	8	16	15	18	17	17	18	9	19	 	20	0.00	89.2%	94	83	87.68	3.2
54352	9	15	18	17	13	16	19	7	18	 	20	0.00	86.4%	94	95	91.35	3.5
54387	9	15	15	17	15	16	0	8	18	 	20	0.00	75.6%	73	57	67.63	1.5
54388	8	16	20	20	17	16	11	10	15	 	20	0.00	86.9%	96	83	87.17	3.2
54413	9	16	19	16	15	15	6	5	15	 	20	0.00	77.3%	76	75	76.11	2.2
54582	10	16	20	17	19	17	16	 	10	 	20	0.00	82.4%	70	30	58.95	0.8
54931	9	16	13	18	17	17	19	9	11	 	20	0.00	84.7%	91	84	85.66	3.1
55058	9	15	19	16	16	18	15	8	15	 	20	0.00	85.8%	90	83	85.52	3.1
55089	9	16	20	20	19	18	20	8	20	 	20	2.00	97.7%	92	97	96.29	3.9
55148	9	16	19	19	17	18	15	9	19	 	20	1.00	92.0%	86	96	92.42	3.7
55149	9	16	20	19	17	18	19	9	19	 	20	0.00	94.3%	82	89	89.73	3.4
55224	10	16	20	17	19	20	20	9	19	 	20	0.00	96.6%	88	100	96.24	3.9
55438	10	15	20	16	19	16	18	9	15	 	20	0.67	90.2%	86	77	84.06	2.9
55628	10	16	20	19	20	17	19	10	21	 	20	0.33	97.9%	96	92	95.17	3.9
55635	8	15	19	16	13	17	19	9	17	 	20	0.00	86.9%	69	59	72.17	1.9
55759	10	14	19	16	16	18	0	6	12	 	20	0.00	74.4%	75	53	65.97	1.4
55830	9	16	19	19	19	20	18	8	15	 	20	0.00	92.6%	82	77	84.25	3.0
55950	9	15	20	17	12	11	13	8	14	 	20	0.00	79.0%	62	46	62.39	1.1
56014	10	16	19	17	18	19	18	9	16	 	20	2.00	93.2%	79	83	86.27	3.1
56106	9	15	15	16	7	17	15	6	15	 	20	0.00	76.7%	71	55	66.88	1.5
56111	10	16	19	17	20	19	20	9	15	 	20	0.00	93.8%	77	84	86.50	3.1
56273	9	16	20	19	20	19	18	7	16	 	20	0.00	93.2%	98	88	92.07	3.6
56372	9	16	20	20	17	17	19	9	13	 	20	1.67	91.9%	89	82	87.34	3.2
56376	8	9	16	16	 	13	7	 	 	 	20	0.00	50.6%	43	 	28.83	0.0
56431	10	16	20	18	20	18	19	9	20	 	20	0.00	96.6%	95	81	90.04	3.5
56541	10	14	19	18	19	18	17	8	16	 	20	0.00	90.3%	95	67	81.94	2.8
56590	10	15	16	18	17	17	18	10	18	 	20	0.00	90.3%	93	60	78.74	2.5
56629	10	15	20	16	19	0	18	7	0	 	20	0.67	71.4%	76	43	60.96	0.9
56729	8	15	 	14	12	10	 	 	 	 	20	0.00	44.9%	53	 	28.55	0.0
56821	8	15	20	16	18	19	18	9	15	 	20	0.00	89.8%	82	78	83.51	2.9
56821	9	14	18	18	17	17	17	7	18	 	20	0.00	88.1%	74	71	78.43	2.4
56885	10	15	19	19	16	20	19	10	19	 	20	2.33	96.2%	92	74	86.48	3.1
56888	10	16	20	19	18	18	16	9	16	 	20	0.33	92.2%	71	47	69.89	1.7
57067	9	16	20	19	19	18	20	10	15	 	20	0.00	94.3%	97	91	93.53	3.8
57113	9	15	20	15	15	15	14	7	15	 	20	0.00	82.4%	78	66	74.95	2.1
57171	7	12	13	12	16	14	14	8	14	 	20	0.00	73.9%	56	81	73.15	2.0
57269	9	16	20	20	20	19	19	9	19	 	20	3.00	98.9%	91	85	91.75	3.6
57357	10	14	20	18	18	17	18	10	16	 	20	0.33	91.7%	91	83	88.07	3.3
57388	9	15	20	20	20	20	20	10	19	 	20	0.00	98.3%	101	94	97.12	4.0
57789	9	15	18	18	20	19	9	8	20	 	20	0.00	88.6%	92	88	89.05	3.4
58290	6	15	17	16	13	4	14	6	14	 	20	0.00	71.0%	80	71	72.81	2.0
58348	10	16	20	17	17	17	19	10	16	 	20	1.33	92.8%	93	92	92.52	3.7
58490	9	15	20	0	19	8	 	8	16	 	20	0.00	65.3%	65	43	56.34	0.5
58705	9	16	20	17	19	20	16	7	21	 	20	0.00	93.8%	79	62	78.10	2.4
58954	10	16	19	16	18	15	16	2	13	 	20	0.00	82.4%	64	54	67.35	1.5
58985	10	16	20	17	15	19	17	9	11	 	20	0.00	87.5%	69	37	63.60	1.2
58994	10	16	20	18	19	18	19	9	20	 	20	0.00	96.0%	90	96	94.81	3.8
59855	9	14	16	18	18	17	19	9	17	 	20	0.00	89.2%	91	77	84.68	3.0
59945	9	15	20	16	14	17	16	8	13	 	20	0.00	84.1%	70	41	64.04	1.2
60083	9	15	15	16	15	12	16	7	12	 	20	0.00	77.8%	85	66	74.54	2.1
60179	10	16	20	20	19	20	19	9	19	 	20	0.00	97.7%	98	99	98.29	4.0
60328	8	16	20	17	17	17	17	8	18	 	20	0.00	89.8%	97	93	92.51	3.7
60430	9	15	20	19	19	19	20	10	19	 	20	3.00	98.3%	98	100	98.92	4.0
60788	8	10	 	 	 	 	 	 	 	 	3	0.00	11.9%	 	 	4.77	0.0
60849	8	15	14	18	16	15	18	6	14	 	20	0.00	81.8%	92	89	86.73	3.2
61135	10	16	20	18	18	18	19	9	16	 	20	0.00	93.2%	97	73	85.87	3.1
61171	7	14	20	8	15	10	6	9	16	 	18	0.00	69.9%	77	64	68.95	1.6
61199	6	14	18	 	 	 	 	 	 	 	20	0.00	33.0%	58	7	27.58	0.0
61229	5	13	17	16	12	15	17	8	12	 	20	0.00	76.7%	74	53	66.68	1.4
61322	10	16	19	16	17	20	19	10	20	 	20	0.00	94.9%	94	91	93.15	3.7
61324	9	16	16	19	18	18	18	8	19	 	20	0.00	91.5%	88	77	84.99	3.0
61648	9	16	20	19	18	18	19	8	18	 	20	0.00	93.8%	94	95	94.30	3.8
61779	5	14	19	15	14	11	14	7	9	 	18	0.00	71.6%	73	73	72.44	1.9
62002	10	14	19	17	16	19	19	9	15	 	20	0.00	89.8%	94	81	87.11	3.2
62098	9	16	12	17	19	18	17	10	13	 	20	0.00	85.8%	85	73	80.52	2.6
62131	9	15	13	17	13	17	18	8	17	 	20	0.00	83.5%	87	76	81.21	2.7
62203	9	15	17	17	14	14	18	9	13	 	20	0.00	83.0%	89	72	79.78	2.6
62224	9	15	19	17	17	17	19	8	15	 	20	0.00	88.6%	81	79	83.25	2.9
62251	9	15	19	18	17	14	13	6	15	 	20	0.33	83.1%	65	52	67.06	1.5
62254	10	16	20	19	18	20	19	10	20	 	20	0.00	97.7%	100	86	93.49	3.8
62289	9	16	12	19	18	17	17	7	12	 	20	0.00	83.5%	72	53	69.01	1.6
62362	10	16	20	19	19	19	19	9	17	 	20	0.00	95.5%	100	96	96.58	3.9
62763	8	16	17	16	15	11	15	 	14	 	20	0.00	75.0%	57	26	51.80	0.0
63021	10	16	14	17	18	11	19	 	14	 	20	0.00	79.0%	66	42	61.59	1.0
63086	 	 	 	 	 	 	 	 	 	 	0	0.00	0.0%	59	 	11.80	0.0
63120	8	14	18	19	16	 	12	 	 	 	15	0.00	58.0%	92	89	77.18	2.3
63317	9	15	20	16	18	14	16	8	16	 	20	0.00	86.4%	85	76	81.95	2.8
63567	9	16	20	16	19	19	20	10	18	 	20	0.00	94.9%	80	77	84.75	3.0
63604	6	15	14	18	16	8	11	6	13	 	20	0.00	72.2%	77	62	69.06	1.6
63670	10	16	20	20	19	18	20	8	20	 	20	0.00	97.2%	100	101	99.26	4.0
63816	10	15	20	19	18	16	18	7	14	 	20	3.00	90.9%	71	53	71.76	1.9
63892	8	 	12	16	14	 	 	 	 	 	18	0.00	38.6%	58	 	27.05	0.0
63898	10	16	20	20	17	20	19	10	18	 	20	0.00	96.6%	96	94	95.44	3.9
64050	9	16	20	20	19	20	17	10	18	 	20	0.00	96.0%	97	91	94.21	3.8
64052	10	16	20	17	18	14	20	7	19	 	20	0.00	91.5%	72	61	75.39	2.2
64078	9	15	20	15	16	14	16	7	11	 	15	0.00	78.4%	63	61	68.36	1.6
64109	9	16	19	17	17	17	19	9	17	 	20	0.00	90.9%	77	64	77.36	2.4
64113	10	16	12	16	14	13	18	9	14	 	20	0.00	80.7%	75	72	76.07	2.2
64140	9	16	20	19	20	17	20	9	19	 	20	0.00	96.0%	86	73	84.81	3.0
64171	10	16	20	18	19	19	18	10	19	 	20	1.00	96.6%	90	85	90.64	3.5
64180	9	15	17	15	16	16	15	 	 	 	20	0.00	69.9%	93	75	76.55	2.3
64208	10	15	15	16	18	18	19	8	18	 	20	0.00	89.2%	91	79	85.48	3.1
64252	8	16	18	19	20	18	20	8	19	 	20	0.00	94.3%	75	70	80.73	2.6
64297	9	16	17	16	17	17	15	8	18	 	20	0.00	86.9%	93	76	83.77	2.9
64304	10	16	19	19	19	17	20	10	17	 	20	0.00	94.9%	100	86	92.35	3.6
64556	9	15	17	18	17	14	17	8	15	 	20	1.00	85.8%	85	68	78.52	2.5
64615	8	15	20	18	17	13	14	5	17	 	20	0.00	83.5%	63	 	46.01	0.0
65009	10	16	20	20	19	16	18	9	17	 	20	0.00	93.8%	79	81	85.70	3.1
65104	9	14	20	15	13	16	17	8	15	 	20	0.00	83.5%	86	84	84.21	2.9
65138	10	15	20	16	16	17	16	7	15	 	20	0.00	86.4%	73	63	74.35	2.1
65297	10	15	20	17	15	19	15	10	15	 	20	0.00	88.6%	74	70	78.25	2.4
65945	9	16	17	10	13	14	18	7	15	 	20	0.00	79.0%	79	59	70.99	1.8
66258	8	16	19	18	16	19	14	9	16	 	20	0.00	88.1%	69	42	65.83	1.4
66453	10	16	20	18	18	19	19	9	18	 	20	2.67	96.4%	84	76	85.76	3.1
66551	10	9	19	15	0	0	16	7	16	 	18	0.00	62.5%	65	58	61.20	1.0
66840	9	15	19	17	15	 	15	7	15	 	20	0.00	75.0%	79	73	75.00	2.2
66997	10	16	20	18	15	19	19	9	19	 	20	0.00	93.8%	69	55	73.30	2.0
67007	9	16	20	17	19	20	19	9	17	 	20	0.00	94.3%	89	96	93.93	3.8
67051	9	16	20	16	17	16	16	8	19	 	20	0.33	89.4%	93	86	88.76	3.3
67052	10	16	20	17	18	20	18	9	20	 	20	2.67	97.0%	96	98	97.19	4.0
67060	10	15	20	17	20	5	18	9	17	 	20	0.00	85.8%	95	89	88.92	3.4
67061	8	16	19	18	20	19	19	9	16	 	20	0.00	93.2%	91	84	89.07	3.4
67092	7	15	15	17	14	11	13	7	12	 	20	0.00	74.4%	85	75	76.77	2.3
67129	10	16	18	19	20	19	18	9	18	 	20	0.00	94.9%	97	94	94.95	3.9
67165	9	16	20	19	19	17	17	8	18	 	20	0.33	92.8%	94	85	89.92	3.4
67228	9	16	20	19	16	18	16	8	17	 	20	0.00	90.3%	87	70	81.54	2.7
67448	8	15	20	17	15	16	18	9	16	 	20	1.00	88.1%	79	70	79.03	2.5
67466	9	15	19	16	15	18	 	6	14	 	20	0.00	75.0%	94	82	81.60	2.7
67600	 	15	18	16	15	11	5	6	15	 	20	0.00	68.8%	74	67	69.10	1.6
67700	9	15	11	15	13	13	7	5	10	 	20	0.00	67.0%	72	41	57.62	0.7
67843	10	15	20	18	18	19	18	9	17	 	20	0.00	93.2%	94	94	93.67	3.8
67892	8	13	16	10	15	13	10	1	11	 	20	0.00	66.5%	74	66	67.79	1.5
67959	9	16	18	15	18	17	16	7	18	 	20	0.00	87.5%	99	90	90.80	3.5
67987	10	16	20	16	16	16	18	9	18	 	20	0.00	90.3%	94	78	86.14	3.1
68122	9	13	18	15	16	18	18	9	17	 	20	0.33	87.1%	97	79	85.85	3.1
68443	9	14	18	18	17	15	20	9	15	 	20	0.00	88.1%	72	61	74.03	2.1
68567	9	16	20	18	19	20	19	10	19	 	20	0.00	96.6%	101	98	98.04	4.0
68653	10	16	19	0	0	12	20	8	14	 	20	0.67	68.0%	74	62	66.80	1.4
68661	10	15	20	19	20	20	19	10	21	 	20	1.67	99.8%	98	101	99.92	4.0
68743	10	15	16	18	18	19	19	9	19	 	20	0.00	92.6%	97	99	96.05	3.9
68819	10	15	19	17	16	15	13	7	19	 	20	0.00	85.8%	85	88	86.52	3.1
68825	9	15	19	18	18	15	18	10	17	 	20	0.00	90.3%	94	93	92.14	3.6
68833	10	16	20	20	19	20	19	10	20	 	20	0.00	98.9%	98	100	99.15	4.0
68863	6	16	18	19	15	15	18	8	19	 	20	0.00	87.5%	92	85	87.40	3.2
68958	7	16	20	17	20	16	14	7	13	 	20	0.00	85.2%	87	81	83.89	2.9
68980	10	16	19	20	19	14	18	10	17	 	20	0.00	92.6%	92	85	89.45	3.4
69333	10	15	20	17	19	18	8	10	20	 	20	0.00	89.2%	93	96	92.68	3.7
69368	8	16	18	20	19	18	20	10	20	 	20	0.00	96.0%	77	48	73.01	2.0
69370	10	15	13	18	19	17	20	8	18	 	20	1.00	90.3%	93	71	83.14	2.9
69551	9	16	17	17	18	17	19	9	19	 	20	0.33	91.7%	93	66	81.67	2.7
69608	9	16	18	17	19	18	17	10	16	 	20	0.00	90.9%	89	95	92.16	3.6
69644	10	16	20	18	17	20	19	6	16	 	20	0.00	92.0%	100	74	86.42	3.1
69844	10	16	18	17	16	15	16	8	19	 	20	0.00	88.1%	96	87	89.23	3.4
69850	10	16	20	19	18	 	 	 	 	 	9	0.00	52.3%	 	 	20.91	0.0
69886	10	15	20	18	19	16	20	9	20	 	20	0.00	94.9%	93	91	92.95	3.7
69977	9	16	20	19	19	20	18	10	17	 	20	1.33	96.2%	77	63	79.08	2.5
70040	8	16	18	18	20	18	20	9	16	 	20	1.00	93.2%	83	94	91.47	3.6
70139	9	12	20	17	20	19	19	9	20	 	20	0.00	93.8%	83	84	87.70	3.3
70163	6	14	20	18	18	17	18	7	19	 	20	0.00	89.2%	99	80	87.48	3.2
70166	8	14	5	13	10	 	7	0	6	 	20	0.00	47.2%	82	64	60.86	0.9
70541	9	15	17	15	13	9	14	7	16	 	20	0.00	76.7%	66	73	73.08	2.0
70728	10	15	20	19	16	18	18	 	18	 	20	0.00	87.5%	100	94	92.60	3.7
70758	9	16	20	19	20	20	19	10	20	 	20	1.67	99.2%	99	93	96.70	3.9
71002	8	15	20	15	16	16	17	3	16	 	20	0.00	83.0%	70	42	63.98	1.2
71034	8	15	18	18	15	16	16	8	17	 	20	0.00	85.8%	80	50	70.32	1.7
71035	10	12	16	16	15	0	0	3	18	 	18	0.00	61.4%	83	65	67.15	1.5
71065	8	14	20	17	18	20	17	10	20	 	20	0.00	93.2%	78	86	87.27	3.2
71278	10	16	20	19	19	18	18	10	16	 	18	0.00	93.2%	98	81	89.27	3.4
71466	10	15	18	18	19	19	19	10	17	 	20	0.00	93.8%	95	90	92.50	3.7
71692	9	16	20	16	18	18	18	7	18	 	20	0.00	90.9%	94	99	94.76	3.8
71714	10	15	19	16	19	17	18	8	19	 	20	0.33	91.7%	100	87	91.47	3.6
71791	9	15	13	16	16	14	17	6	13	 	20	0.00	79.0%	86	81	81.19	2.7
71796	10	15	20	19	20	19	20	10	15	 	20	0.00	95.5%	98	97	96.58	3.9
72056	10	15	19	19	20	19	18	9	12	 	20	0.00	91.5%	91	79	86.39	3.1
72274	9	14	20	0	17	18	17	10	14	 	20	0.00	79.0%	70	80	77.59	2.4
72462	 	16	20	14	17	15	18	7	18	 	20	0.00	82.4%	93	82	84.35	3.0
72591	9	15	20	19	19	17	20	10	18	 	20	0.00	94.9%	90	90	91.95	3.6
72658	10	16	17	20	20	20	17	10	19	 	20	0.00	96.0%	79	75	84.21	2.9
72681	10	16	20	19	20	18	17	10	17	 	20	0.00	94.9%	88	88	90.75	3.5
72756	9	15	20	19	17	19	18	10	17	 	20	3.00	94.9%	95	84	90.55	3.5
72926	9	16	20	18	16	15	15	8	16	 	20	0.00	86.9%	81	79	82.57	2.8
73072	10	16	18	18	14	14	17	9	15	 	20	0.00	85.8%	90	64	77.92	2.4
73195	10	16	19	18	14	19	19	8	14	 	20	0.00	89.2%	81	75	81.88	2.7
73230	9	16	20	19	19	20	0	10	19	 	20	0.00	86.4%	92	101	93.35	4.0
73453	10	16	20	16	17	17	17	6	9	 	20	0.00	84.1%	80	61	74.04	2.1
73486	7	 	17	5	 	5	 	3	13	 	20	0.33	40.0%	47	28	36.58	0.0
73518	8	15	18	16	 	 	0	9	 	 	20	0.00	48.9%	78	75	65.15	1.3
73671	9	16	18	18	15	18	18	9	15	 	20	0.00	88.6%	92	93	91.05	3.5
73883	9	15	14	16	15	19	17	9	17	 	20	0.00	85.8%	91	89	88.12	3.3
74041	7	16	19	0	 	15	14	5	12	 	20	0.33	61.6%	81	72	69.62	1.7
74191	10	 	 	 	 	 	 	 	 	 	3	0.00	7.4%	 	 	2.95	0.0
74193	9	10	17	14	9	8	0	1	10	 	20	0.00	55.7%	81	55	60.47	0.9
74268	10	14	20	18	15	17	18	9	18	 	20	1.00	90.9%	66	88	84.76	3.0
74544	6	16	18	14	9	9	 	 	 	 	12	0.00	47.7%	90	87	71.89	1.9
74574	9	15	19	19	18	15	19	10	17	 	20	0.00	91.5%	87	90	89.99	3.4
74600	10	15	20	14	14	14	15	 	16	 	20	0.00	78.4%	99	91	87.56	3.2
74775	10	16	20	20	20	20	20	10	19	 	20	0.00	99.4%	86	64	82.57	2.8
74801	7	14	18	14	9	4	10	7	11	 	20	0.00	64.8%	75	60	64.91	1.3
74825	10	15	20	19	18	17	20	8	17	 	15	0.00	90.3%	87	74	83.14	2.9
74830	10	16	20	19	17	16	18	8	16	 	20	0.00	90.9%	84	83	86.36	3.1
74871	10	16	20	19	18	19	19	10	19	 	20	0.00	96.6%	99	89	94.04	3.8
74875	9	16	20	19	13	15	16	8	15	 	20	0.00	85.8%	80	62	75.12	2.2
75161	9	15	13	19	19	16	19	9	17	 	20	0.00	88.6%	84	68	79.45	2.5
75193	10	14	18	13	13	16	16	7	15	 	20	0.33	80.9%	65	47	64.15	1.2
75227	10	15	20	16	15	17	19	6	14	 	20	0.33	86.6%	84	83	84.62	3.0
75254	7	 	 	 	 	 	 	 	 	 	18	0.00	14.2%	73	30	32.28	0.0
75400	9	15	20	16	17	18	17	7	16	 	20	0.00	88.1%	78	68	78.03	2.4
75441	10	16	20	19	19	18	17	7	20	 	20	0.00	94.3%	94	65	82.53	2.8
75442	10	16	20	18	18	20	19	10	19	 	20	0.00	96.6%	94	92	94.24	3.8
75465	10	16	20	20	17	19	18	8	18	 	20	0.00	94.3%	96	87	91.73	3.6
75669	9	16	19	19	17	16	13	5	14	 	20	0.00	84.1%	66	44	64.44	1.2
75733	10	15	17	16	13	0	15	10	15	 	20	0.00	74.4%	65	61	67.17	1.5
75964	10	16	20	19	14	16	18	8	18	 	18	0.00	89.2%	100	86	90.08	3.5
75991	9	12	16	17	15	17	14	9	14	 	20	1.67	82.2%	73	50	67.48	1.5
76058	9	16	19	18	17	15	13	8	16	 	20	0.00	85.8%	84	56	73.52	2.0
76083	9	16	17	16	13	0	0	9	16	 	20	0.00	65.9%	61	27	49.36	0.0
76307	9	16	18	19	13	17	18	8	13	 	20	0.00	85.8%	80	80	82.32	2.8
76309	9	16	14	16	12	18	18	8	13	 	20	0.00	81.8%	86	66	76.33	2.3
76343	9	16	19	20	18	18	15	10	15	 	20	0.00	90.9%	79	59	75.76	2.2
76432	10	16	20	18	15	17	17	9	18	 	20	0.00	90.9%	98	91	92.36	3.6
76794	8	13	19	0	12	10	11	7	14	 	20	0.00	64.8%	65	42	55.71	0.5
76888	10	15	19	18	20	18	18	10	17	 	20	2.67	95.3%	93	94	94.31	3.8
76888	10	16	20	19	17	17	18	10	19	 	20	0.00	94.3%	90	77	86.53	3.1
76923	10	16	20	18	20	19	20	10	14	 	20	0.00	94.9%	96	89	92.75	3.7
76951	10	16	20	17	16	16	17	6	19	 	20	0.00	89.2%	93	87	89.08	3.4
76952	10	15	20	19	16	19	19	10	20	 	20	3.00	97.2%	93	81	89.86	3.4
76984	10	16	20	18	17	19	20	8	16	 	20	0.00	93.2%	93	91	92.27	3.6
77075	10	16	20	19	20	19	18	8	20	 	20	0.00	96.6%	101	89	94.44	3.8
77200	6	15	7	7	4	 	 	 	 	 	12	0.00	29.0%	 	 	11.59	0.0
77394	10	16	20	16	17	19	18	9	19	 	20	0.00	93.2%	84	74	83.67	2.9
77520	9	16	20	20	19	20	19	10	18	 	20	0.33	97.3%	96	95	96.14	3.9
77683	10	15	20	20	19	20	20	9	18	 	20	0.00	97.2%	89	77	87.46	3.2
77720	8	15	20	18	20	19	18	8	19	 	20	0.00	93.8%	76	81	85.10	3.0
77794	8	16	16	17	18	14	14	 	13	 	20	0.00	77.3%	89	81	81.11	2.7
77882	10	13	18	17	14	14	18	7	17	 	20	0.00	84.1%	99	91	89.84	3.4
77913	10	16	19	19	18	20	20	9	19	 	20	0.00	96.6%	97	94	95.64	3.9
78142	10	15	20	16	17	7	7	10	0	 	20	0.00	69.3%	81	68	71.13	1.8
78256	7	15	19	14	15	10	13	9	12	 	20	0.00	76.1%	84	66	73.65	2.0
78290	10	16	20	19	17	18	17	8	16	 	20	0.00	91.5%	88	82	86.99	3.2
78610	10	15	14	16	16	10	15	8	18	 	20	0.00	80.7%	85	90	85.27	3.0
78643	10	16	20	18	15	13	19	7	14	 	20	0.00	86.4%	95	77	84.35	3.0
78676	9	16	15	17	15	13	18	10	18	 	20	0.00	85.8%	79	89	85.72	3.1
78747	9	15	19	16	0	18	17	7	16	 	20	0.67	78.2%	79	71	75.49	2.2
78873	9	15	19	19	19	18	18	8	14	 	20	0.00	90.3%	87	77	84.34	3.0
78967	9	16	19	19	20	18	18	7	18	 	20	0.00	93.2%	90	86	89.67	3.4
79001	9	15	20	20	20	19	20	10	19	 	20	0.00	97.7%	101	93	96.49	3.9
79120	7	15	19	17	17	18	15	9	17	 	20	0.00	87.5%	76	82	83.00	2.8
79245	10	16	20	19	19	19	18	10	20	 	20	3.00	98.9%	94	87	93.15	3.7
79276	8	15	20	17	16	0	0	10	17	 	20	0.00	69.9%	99	94	85.35	3.8
79661	9	15	15	16	13	13	16	9	13	 	20	1.67	79.9%	75	74	76.57	2.3
79815	9	16	20	16	15	0	19	7	0	 	20	0.67	69.7%	96	89	82.68	2.8
79826	10	16	15	19	18	19	15	10	17	 	20	0.00	90.3%	68	78	80.94	2.7
79848	10	15	19	19	16	17	19	7	18	 	20	0.00	90.9%	97	86	90.16	3.5
79862	10	16	20	18	 	20	20	9	20	 	20	0.00	86.9%	94	86	87.97	3.3
79871	8	16	20	20	18	19	19	10	19	 	20	0.00	96.0%	90	85	90.41	3.5
79966	9	13	19	16	16	20	19	8	15	 	20	0.00	88.1%	91	74	83.03	2.8
80105	10	16	20	19	19	20	20	9	18	 	20	1.33	97.9%	92	80	89.57	3.4
80149	9	15	15	16	18	15	15	8	16	 	20	0.00	83.5%	85	73	79.61	2.6
80304	9	15	17	18	15	17	14	7	20	 	18	0.00	85.2%	82	79	82.09	2.8
80326	10	16	20	20	20	20	20	10	19	 	20	1.33	100.2%	95	83	92.28	3.6
80330	10	16	20	19	20	20	19	9	21	 	20	1.00	99.4%	98	93	96.57	3.9
80347	9	16	20	18	17	18	18	9	14	 	20	0.00	90.3%	86	70	81.34	2.7
80812	8	9	16	9	10	15	12	6	14	 	20	0.00	67.6%	63	68	66.85	1.4
80879	9	15	19	16	15	11	15	4	15	 	20	0.00	79.0%	93	79	81.79	2.7
80912	9	15	16	14	17	15	19	10	16	 	20	0.00	85.8%	79	59	73.72	2.0
80925	9	15	 	 	 	 	 	 	 	 	9	0.00	18.8%	58	 	19.10	0.0
80937	9	15	19	16	17	0	16	0	0	 	20	0.00	63.6%	81	62	66.45	1.4
81005	9	16	19	19	19	20	17	10	18	 	20	0.00	94.9%	81	84	87.75	3.3
81040	9	16	20	17	20	18	19	8	16	 	20	0.00	92.6%	83	72	82.45	2.8
81290	10	14	13	18	18	15	18	6	15	 	20	0.00	83.5%	76	53	69.81	1.7
81291	9	16	20	17	19	19	17	10	19	 	20	0.33	94.5%	86	89	90.60	3.5
81522	8	16	19	17	17	14	15	6	15	 	20	0.00	83.5%	81	60	73.61	2.0
81845	10	14	20	18	17	18	17	9	16	 	20	1.00	90.9%	92	90	90.76	3.5
81906	9	12	20	16	11	10	0	5	14	 	20	0.00	66.5%	38	34	47.79	0.0
81935	9	16	20	18	19	18	19	9	20	 	20	0.00	95.5%	101	100	98.38	4.0
82186	9	16	20	18	19	14	16	9	15	 	20	0.00	88.6%	80	64	77.05	2.3
82316	9	15	18	17	19	18	19	9	16	 	20	0.00	90.9%	91	92	91.36	3.5
82508	10	16	20	19	20	18	19	10	19	 	20	2.00	98.3%	86	87	91.32	3.5
82578	8	16	19	18	18	17	18	8	16	 	20	0.33	90.0%	95	91	91.38	3.5
82602	9	15	19	18	19	17	18	8	18	 	20	0.00	91.5%	92	89	90.59	3.5
82603	10	16	19	19	18	19	19	8	18	 	20	0.00	94.3%	101	93	95.13	3.9
82605	10	16	20	19	18	18	20	7	15	 	20	0.00	92.6%	79	44	70.45	1.8
82606	9	15	17	19	15	19	18	8	16	 	20	0.33	88.8%	99	87	90.13	3.5
82608	9	15	20	20	16	19	19	10	17	 	20	0.00	93.8%	85	91	90.90	3.5
82804	9	16	18	18	15	 	 	 	 	 	9	0.00	48.3%	84	34	49.72	0.0
82841	9	15	16	17	19	18	18	8	19	 	20	0.00	90.3%	88	84	87.34	3.2
82982	10	14	16	18	16	0	19	7	16	 	20	0.00	77.3%	90	76	79.31	2.5
82987	8	16	20	19	19	18	19	8	19	 	20	0.33	94.5%	87	76	85.60	3.1
83117	9	15	19	17	16	15	17	9	14	 	20	0.00	85.8%	89	82	84.92	3.0
83334	9	16	20	19	20	19	18	10	20	 	20	1.00	97.7%	91	86	91.69	3.6
83335	9	16	20	20	20	19	18	10	19	 	20	1.00	97.7%	94	91	94.29	3.8
83572	10	16	19	17	19	18	16	7	12	 	18	0.00	86.4%	87	75	81.95	2.8
83790	9	16	20	20	16	18	18	10	15	 	20	0.00	92.0%	80	74	82.42	2.8
83790	9	16	19	17	12	13	9	6	8	 	12	0.00	68.8%	74	65	68.30	1.6
83916	10	14	19	16	15	15	15	9	16	 	20	0.00	84.7%	93	92	89.26	3.4
83929	3	16	17	15	13	9	14	8	10	 	15	0.00	68.2%	88	70	72.87	2.0
84115	9	16	20	18	14	6	15	9	18	 	20	0.00	82.4%	80	62	73.75	2.0
84179	9	15	16	18	19	16	16	8	17	 	20	0.00	87.5%	85	84	85.60	3.1
84686	10	16	20	19	20	19	19	8	16	 	20	0.00	94.9%	97	98	96.55	3.9
84792	10	16	19	18	18	18	18	3	13	 	18	0.00	85.8%	88	63	77.12	2.3
84813	10	15	16	0	0	0	12	 	 	 	12	0.00	36.9%	57	39	41.77	0.0
84816	9	14	12	4	 	 	 	 	 	 	6	0.00	25.6%	34	9	20.63	0.0
84846	9	15	20	20	18	19	18	9	18	 	20	0.33	94.5%	90	85	89.80	3.4
84905	10	16	20	18	18	17	16	10	16	 	20	0.00	91.5%	82	85	86.99	3.2
84943	10	16	20	16	17	0	15	6	15	 	20	0.00	76.7%	87	66	74.48	2.1
84982	9	16	19	19	19	14	17	6	13	 	20	0.00	86.4%	74	78	80.55	2.6
85011	9	15	19	17	16	18	14	9	16	 	20	0.00	86.9%	78	82	83.17	2.9
85045	10	16	15	18	19	16	18	9	15	 	20	0.00	88.6%	85	87	87.25	3.2
85109	10	16	20	20	19	20	20	9	20	 	20	2.67	100.4%	91	98	97.55	4.0
85194	10	16	20	19	18	18	17	9	18	 	20	0.00	93.8%	68	61	75.50	2.2
85195	10	16	20	20	18	19	17	9	19	 	20	0.00	95.5%	81	78	85.58	3.1
85298	10	16	20	16	16	18	20	10	16	 	20	0.00	92.0%	94	83	88.82	3.3
85627	9	15	20	19	17	18	18	9	18	 	20	0.00	92.6%	92	88	90.65	3.5
85655	8	15	17	16	16	13	19	10	14	 	20	0.00	84.1%	85	86	85.04	3.0
85679	10	16	20	19	17	15	20	10	17	 	20	0.00	93.2%	95	86	90.67	3.5
85716	10	15	19	16	15	17	19	7	14	 	20	0.00	86.4%	87	88	87.15	3.2
85775	10	16	20	19	19	19	19	10	19	 	20	0.00	97.2%	86	93	93.26	3.7
85834	9	15	19	18	17	16	19	10	20	 	20	0.00	92.6%	86	66	80.65	2.6
85839	10	16	20	20	20	19	20	8	17	 	20	0.00	96.6%	94	88	92.64	3.7
85901	9	15	17	20	20	20	15	8	15	 	20	0.00	90.3%	89	87	88.74	3.3
86158	10	16	20	20	20	20	20	10	20	 	20	2.67	101.5%	101	93	98.01	4.0
86226	10	16	20	20	20	19	19	10	13	 	20	0.00	94.9%	101	101	98.55	4.0
86320	 	16	20	19	17	17	20	8	19	 	20	0.00	88.6%	92	90	89.85	3.4
86388	10	16	20	20	20	18	19	10	16	 	20	0.00	96.0%	99	89	93.81	3.8
86543	10	15	20	14	16	18	19	 	15	 	20	0.00	83.5%	89	84	84.81	3.0
86740	9	15	14	17	18	17	16	9	17	 	20	0.00	86.4%	88	67	78.95	2.5
86933	8	14	19	20	19	18	17	10	16	 	20	0.00	91.5%	70	30	62.59	1.1
86966	10	16	18	18	17	13	15	8	19	 	20	0.00	87.5%	93	85	87.60	3.2
86966	9	16	16	17	20	17	17	6	18	 	20	0.00	88.6%	86	84	86.25	3.1
87031	10	16	17	18	18	15	18	7	17	 	20	0.00	88.6%	75	86	84.85	3.0
87086	10	16	19	20	18	18	18	10	11	 	20	1.67	91.9%	78	61	76.74	2.3
87728	10	16	20	19	16	20	17	10	18	 	20	0.00	94.3%	93	88	91.53	3.6
87861	10	16	19	20	19	17	20	10	17	 	20	0.00	95.5%	93	89	92.38	3.6
87891	10	16	20	19	17	19	19	9	19	 	20	0.00	95.5%	78	64	79.38	2.5
87943	10	16	19	19	19	19	16	10	16	 	20	0.00	93.2%	87	83	87.87	3.3
87987	9	15	20	19	20	19	19	8	20	 	20	0.00	96.0%	95	91	93.81	3.8
88077	8	15	14	19	17	16	16	9	19	 	20	0.00	86.9%	77	77	80.97	2.7
88079	10	16	20	19	19	19	19	9	21	 	20	0.33	97.9%	99	91	95.37	3.9
88261	8	15	20	19	12	5	 	4	 	 	20	0.00	58.5%	71	 	37.61	0.0
88325	10	15	18	17	16	16	17	9	14	 	20	0.00	86.4%	78	77	80.95	2.7
88750	10	15	19	16	14	15	13	9	16	 	20	0.33	83.7%	73	75	78.08	2.4
88819	10	16	17	18	17	16	20	9	16	 	20	0.00	90.3%	92	75	84.54	3.0
88843	8	16	18	18	18	15	17	8	15	 	20	0.33	87.1%	77	74	79.85	2.6
89133	10	15	20	20	19	18	16	9	19	 	20	0.00	94.3%	79	81	85.93	3.1
89331	10	14	13	18	18	15	19	9	16	 	20	0.00	86.4%	92	76	83.35	2.9
89456	10	16	20	20	18	18	19	10	19	 	20	0.33	96.8%	101	95	96.91	4.0
89560	10	16	19	17	18	18	18	9	20	 	20	0.00	93.8%	83	78	85.30	3.0
89869	8	16	17	17	0	19	16	10	17	 	20	1.33	80.3%	95	74	80.72	2.6
89882	10	15	20	18	17	19	20	10	19	 	20	0.00	95.5%	89	92	92.78	3.7
89897	10	15	19	16	16	17	14	8	13	 	20	0.00	84.1%	67	53	68.24	1.6
89999	8	16	19	17	20	19	19	7	17	 	20	0.33	92.2%	67	86	84.69	3.0
90085	10	15	16	17	18	17	19	7	19	 	20	0.00	89.8%	96	95	93.11	3.7
90486	10	14	20	0	19	17	 	 	 	 	18	0.00	55.7%	67	4	37.27	0.0
90513	10	15	17	19	20	20	18	8	18	 	20	0.00	93.8%	95	87	91.30	3.5
90608	8	16	20	20	19	19	17	5	15	 	20	0.00	90.3%	72	54	72.14	1.9
91709	8	15	20	18	18	19	20	8	13	 	20	0.00	90.3%	98	84	89.34	3.4
91724	10	15	20	17	17	15	17	7	14	 	20	0.00	86.4%	89	83	85.55	3.1
91827	9	15	20	18	19	17	18	8	19	 	20	0.00	92.6%	91	80	87.25	3.2
91890	9	16	19	19	19	19	19	8	18	 	20	0.00	94.3%	94	70	84.53	3.0
91979	10	16	20	17	14	17	19	9	20	 	20	0.00	92.0%	88	77	85.22	3.0
91981	8	16	20	20	18	19	19	9	15	 	20	1.00	93.8%	71	74	81.30	2.7
91986	9	15	13	13	16	16	16	6	17	 	18	0.00	79.0%	91	69	77.39	2.4
92014	8	16	19	17	18	18	19	8	17	 	20	0.00	90.9%	85	91	89.76	3.4
92052	10	15	20	16	17	15	17	8	 	 	20	0.00	78.4%	85	51	68.76	1.6
92107	10	16	20	19	17	18	18	10	19	 	20	0.00	94.9%	95	95	94.95	3.9
92297	7	9	18	16	14	12	 	 	 	 	12	0.00	50.0%	67	 	33.40	0.0
92499	10	15	19	19	17	19	16	9	11	 	20	0.00	88.1%	76	41	66.83	1.4
92618	8	16	19	18	13	17	16	9	16	 	20	0.00	86.4%	76	62	74.55	2.1
92726	9	15	19	18	17	15	15	 	17	 	20	0.00	82.4%	92	81	83.75	2.9
92760	10	16	20	14	 	 	 	 	 	 	9	0.00	39.2%	58	 	27.28	0.0
92883	10	15	18	19	16	17	19	8	16	 	20	0.00	89.8%	78	88	86.71	3.2
93003	9	16	20	18	18	18	19	10	20	 	20	0.00	95.5%	95	98	96.38	3.9
93174	9	15	20	20	18	19	20	9	20	 	20	3.00	98.3%	100	91	95.72	3.9
93236	9	16	19	18	16	16	19	9	19	 	20	2.33	92.8%	90	65	81.12	2.7
93265	10	16	20	18	18	20	20	10	18	 	20	1.00	97.2%	96	94	95.66	3.9
93327	7	14	18	15	16	16	17	8	13	 	20	1.00	82.4%	96	89	87.75	3.3
93385	10	15	12	19	19	20	20	9	19	 	20	0.00	92.6%	89	92	91.65	3.6
93394	7	15	17	19	15	18	18	9	19	 	20	0.00	89.2%	82	72	80.88	2.7
93745	8	15	20	19	20	19	20	9	20	 	20	0.00	96.6%	98	98	97.44	4.0
93781	10	16	20	19	19	19	19	9	19	 	20	0.00	96.6%	92	80	89.04	3.4
93815	8	14	17	16	17	15	16	5	16	 	20	0.00	81.8%	93	82	84.13	2.9
93872	8	15	20	15	15	12	15	9	14	 	15	0.00	78.4%	91	83	82.76	2.8
93903	8	16	20	18	17	13	17	9	19	 	20	0.33	89.4%	94	82	87.36	3.2
93935	10	16	15	16	18	17	15	 	15	 	20	1.33	81.4%	84	68	76.58	2.3
94063	10	16	20	20	19	18	20	8	19	 	20	0.00	96.6%	93	88	92.44	3.7
94092	10	16	15	19	18	20	18	8	17	 	20	0.00	91.5%	89	90	90.39	3.5
94103	9	14	20	16	16	18	15	10	10	 	20	0.00	84.1%	90	87	86.44	3.1
94218	10	16	20	18	16	19	17	8	17	 	20	0.00	91.5%	96	95	93.79	3.8
94227	10	16	20	20	20	20	20	10	21	 	20	0.00	100.6%	86	90	93.43	3.7
94253	8	15	14	20	17	18	17	9	18	 	20	0.00	88.6%	94	87	89.05	3.4
94289	9	15	19	15	15	13	15	6	10	 	20	0.00	77.8%	89	70	76.94	2.3
94349	8	14	18	15	17	15	17	10	12	 	20	2.00	84.1%	84	61	74.84	2.1
94518	9	16	20	20	18	0	17	9	18	 	20	0.00	83.5%	68	33	60.21	0.9
94707	10	16	17	20	20	16	19	8	19	 	18	2.00	93.8%	90	86	89.90	3.4
94767	10	16	16	16	19	19	15	8	15	 	20	0.00	87.5%	81	79	82.80	2.8
94806	9	16	20	19	18	16	17	10	17	 	20	0.00	92.0%	94	92	92.42	3.7
94841	8	16	19	14	19	 	11	3	13	 	20	0.00	69.9%	91	89	81.75	2.7
94927	10	16	17	17	16	20	19	9	18	 	20	0.00	92.0%	93	83	88.62	3.3
94960	9	16	20	17	18	18	16	9	16	 	20	0.00	90.3%	78	79	83.34	2.9
95118	10	15	20	18	18	20	19	8	19	 	20	0.00	94.9%	93	89	92.15	3.6
95181	5	10	18	18	17	12	 	 	15	 	20	0.00	65.3%	42	52	55.34	0.0
95353	10	15	20	18	20	20	18	10	19	 	20	0.33	96.8%	93	92	94.11	3.8
95542	9	16	20	15	16	18	15	9	12	 	12	0.00	80.7%	82	66	75.07	2.2
95565	7	16	12	15	11	13	17	6	11	 	20	0.00	72.7%	72	62	68.29	1.6
95636	10	15	20	16	19	15	16	7	14	 	20	0.00	86.4%	96	83	86.95	3.2
95699	9	14	19	17	16	12	19	9	18	 	20	0.00	86.9%	99	86	88.97	3.4
95831	9	16	20	19	18	18	19	10	14	 	20	0.00	92.6%	69	67	77.65	2.4
95855	9	15	14	16	15	16	17	6	13	 	20	0.00	80.1%	88	65	75.65	2.2
95997	9	16	19	16	19	15	19	9	20	 	20	0.00	92.0%	79	66	79.02	2.5
96111	9	15	17	16	16	17	17	9	16	 	20	0.00	86.4%	69	76	78.75	2.5
96406	10	15	20	17	20	19	16	8	14	 	20	0.00	90.3%	94	85	88.94	3.4
96603	10	14	18	12	0	14	14	9	15	 	20	0.00	71.6%	70	42	59.44	0.8
96660	10	 	19	14	16	13	16	2	11	 	15	0.00	65.9%	81	74	72.16	1.9
96691	10	16	20	19	15	20	19	10	20	 	20	0.00	96.0%	101	101	99.01	4.0
96782	8	15	18	17	20	11	17	7	19	 	20	2.67	87.9%	95	96	92.55	3.7
96824	9	16	20	20	20	20	16	9	21	 	20	0.00	97.2%	93	75	87.46	3.2
97274	9	14	20	17	18	13	19	10	19	 	20	0.67	90.7%	94	94	92.69	3.7
97534	9	16	15	18	17	16	15	10	18	 	20	1.33	88.3%	85	71	80.70	2.6
97558	9	16	20	18	18	18	17	7	20	 	20	0.00	92.6%	89	92	91.65	3.6
97619	10	15	20	18	19	18	18	10	17	 	20	0.00	93.8%	90	89	91.10	3.5
97944	8	15	19	16	17	18	17	9	16	 	20	0.00	88.1%	88	91	89.23	3.4
97971	10	16	20	18	18	20	19	10	16	 	20	3.00	96.6%	96	91	94.24	3.8
98004	10	16	20	15	17	17	19	8	16	 	20	0.00	89.8%	82	74	81.91	2.8
98232	8	16	15	19	18	14	19	9	20	 	20	0.00	89.8%	92	86	88.71	3.3
98296	10	15	18	17	12	17	16	7	 	 	20	0.00	75.0%	64	16	49.20	0.0
98322	8	15	19	17	16	17	18	9	14	 	20	0.33	87.1%	92	68	80.45	2.6
98352	10	14	12	19	17	17	18	9	17	 	20	0.00	86.9%	86	83	85.17	3.0
98390	9	16	19	16	16	16	 	 	 	 	12	0.00	59.1%	86	52	61.64	1.0
98452	8	15	19	14	14	15	18	9	17	 	20	1.00	85.2%	88	67	78.49	2.5
98588	9	15	20	17	17	 	14	4	4	 	20	0.00	68.2%	55	21	46.67	0.0
98713	10	16	20	19	18	20	18	9	19	 	20	0.00	96.0%	97	94	95.41	3.9
99055	7	14	15	12	10	10	8	6	10	 	20	0.00	63.6%	72	82	72.65	2.0
99128	9	16	17	18	14	17	17	9	14	 	20	0.00	85.8%	87	88	86.92	3.2
99129	10	16	20	20	18	19	20	8	17	 	20	0.00	95.5%	89	93	93.18	3.7
99289	10	16	20	18	18	20	17	7	0	 	15	0.00	80.1%	76	38	62.45	1.1
99346	10	16	18	18	18	20	15	8	15	 	20	3.00	91.5%	90	49	74.19	2.1

mean	9.0	15.2	18.4	16.7	16.4	16.0	16.5	8.2	16.2	 	19.3	0.3	83.6%	84.0	74.9	78.9	2.6
median	9	16	19	18	17	17	18	9	17	 	20	0	88.6%	87	80	84.22	3.0