last 4 digits of sid	assign1	assign2	assign3	assign4	assign5	assign6	assign7	assign8	bonus8	Late_Days	weekly %	midterm	final	total	grade
1377	20	20	19	20	19	18	20	29	2	1	98.24%	100	101	99.69	4
0703	20	20	20	20	20	18	20	29	 	1	98.24%	93	101	98.29	4
9489	20	19	19	19	19	20	20	29	2	1	98.24%	100	97	98.09	4
5652	20	20	19	19	19	18	19	30	 	2	96.47%	100	98	97.79	4
2832	20	20	20	20	20	19	20	30	0	 	99.41%	93	98	97.56	4
8357	20	19	19	19	18	18	18	30	 	3	94.71%	98	100	97.48	4
2830	20	19	16	17	19	18	20	29	2	0	94.12%	99	98	96.65	4
1112	19	19	20	18	20	20	19	21	 	3	91.76%	96	101	96.31	4
1824	18	18	19	20	20	16	20	30	0	1	94.71%	89	101	96.08	4
7057	18	16	19	20	19	19	20	27	 	1	92.94%	100	97	95.98	3.9
1398	20	20	19	18	17	18	19	22	2	5	91.18%	95	101	95.87	3.9
0657	19	16	18	20	20	18	19	29	0	2	93.53%	92	100	95.81	3.9
6692	20	19	18	20	19	19	20	30	2	3	98.24%	90	96	95.69	3.9
2179	19	17	19	17	20	20	19	26	 	3	92.35%	94	99	95.34	3.9
0185	19	16	20	20	18	18	19	30	 	2	94.12%	95	96	95.05	3.9
9417	17	18	18	17	19	19	20	26	 	2	90.59%	94	100	95.04	3.9
1684	20	19	20	20	20	20	20	30	2	2	100.59%	90	92	95.04	3.9
0712	20	19	20	20	20	18	20	29	 	0	97.65%	88	95	94.66	3.9
2179	20	18	20	19	20	19	19	27	0	4	95.29%	100	91	94.52	3.9
2003	20	19	20	19	19	20	20	30	 	4	98.24%	99	88	94.29	3.9
5318	20	18	19	20	20	18	19	30	0	5	96.47%	84	97	94.19	3.9
0855	20	20	20	20	20	20	20	29	0	3	99.41%	92	90	94.16	3.9
4269	20	17	18	16	17	16	19	28	2	1	90.00%	100	95	94.00	3.8
1925	20	20	19	19	20	17	20	30	2	5	98.24%	95	89	93.89	3.8
9995	20	17	17	18	18	18	20	28	 	3	91.76%	95	95	93.71	3.8
7754	19	19	20	19	20	19	20	27	 	 	95.88%	85	95	93.35	3.8
9827	20	15	18	20	19	18	20	27	 	5	92.35%	98	92	93.34	3.8
9432	19	19	20	18	19	18	20	30	2	 	97.06%	98	87	93.22	3.8
1407	20	16	17	20	19	18	20	28	 	2	92.94%	86	97	93.18	3.8
7780	20	20	19	20	20	19	19	30	0	1	98.24%	95	87	93.09	3.8
1874	19	17	18	19	19	19	19	27	 	1	92.35%	84	98	92.94	3.7
2716	20	15	19	20	18	19	20	30	0	3	94.71%	89	93	92.88	3.7
7026	20	16	20	20	20	18	20	29	2	0	97.06%	87	91	92.62	3.7
1557	19	17	20	19	20	16	19	26	0	1	91.76%	81	99	92.51	3.7
0228	20	20	20	19	18	17	19	28	 	 	94.71%	99	87	92.48	3.7
0771	20	19	19	19	20	20	17	29	 	5	95.88%	84	93	92.35	3.7
0210	20	17	19	19	20	19	20	29	2	0	97.06%	89	89	92.22	3.7
2525	20	17	20	18	18	18	20	27	 	1	92.94%	93	91	92.18	3.7
0182	18	16	16	18	20	18	20	29	 	 	91.18%	92	93	92.07	3.7
5158	16	16	16	17	18	14	20	29	2	2	87.06%	96	95	92.02	3.7
8615	20	20	16	19	19	19	19	30	 	1	95.29%	90	89	91.72	3.7
3446	20	19	20	20	20	19	19	28	0	0	97.06%	96	84	91.62	3.7
3800	17	17	20	19	19	17	15	25	 	 	87.65%	94	94	91.46	3.7
7165	18	14	20	15	19	20	19	30	0	3	91.18%	85	94	91.07	3.7
0303	19	19	17	19	18	17	19	27	 	1	91.18%	95	89	91.07	3.7
5917	19	17	19	19	20	18	20	29	2	1	95.88%	90	85	90.35	3.6
1268	20	17	18	18	20	20	20	28	 	3	94.71%	84	89	90.28	3.6
0805	17	18	16	17	19	16	19	28	 	5	88.24%	98	88	90.09	3.6
2597	20	17	17	20	18	19	20	28	2	 	94.71%	91	85	90.08	3.6
2745	19	15	15	15	20	13	17	30	 	3	84.71%	88	96	89.88	3.6
3656	16	15	18	19	19	17	19	29	0	4	89.41%	89	89	89.16	3.6
9513	20	18	17	19	19	15	17	26	 	 	88.82%	86	91	89.13	3.6
2896	20	19	18	18	18	17	19	28	 	4	92.35%	88	86	88.94	3.6
0066	19	17	19	18	20	18	19	29	 	0	93.53%	99	79	88.81	3.5
0943	20	18	20	20	20	18	19	28	0	1	95.88%	92	80	88.75	3.5
0068	20	15	19	18	19	18	20	28	0	2	92.35%	87	86	88.74	3.5
0567	19	20	19	20	20	19	20	30	0	4	98.24%	99	74	88.69	3.5
0080	20	19	19	18	19	17	19	27	 	5	92.94%	73	92	88.58	3.5
0740	19	17	18	20	19	19	19	26	 	0	92.35%	96	81	88.54	3.5
8812	18	19	17	19	19	17	18	30	0	1	92.35%	93	82	88.34	3.5
0698	19	19	17	18	18	20	19	30	2	1	95.29%	81	85	88.32	3.5
8735	19	20	19	18	17	19	20	29	0	2	94.71%	88	82	88.28	3.5
2563	18	17	16	20	19	17	20	29	 	2	91.76%	91	83	88.11	3.5
3436	20	15	19	17	19	19	20	22	 	 	88.82%	94	84	87.93	3.5
0383	17	18	20	19	20	19	20	29	 	 	95.29%	89	80	87.92	3.5
5546	18	19	19	20	18	20	19	30	2	2	97.06%	87	79	87.82	3.5
6064	19	19	19	20	20	18	20	28	 	5	95.88%	91	78	87.75	3.5
4179	18	16	17	19	19	20	20	29	 	4	92.94%	84	84	87.58	3.5
1112	18	17	18	17	18	19	19	29	2	0	92.35%	86	83	87.34	3.5
7715	17	17	18	17	20	18	19	30	 	0	91.76%	90	80	86.71	3.4
5903	20	16	19	18	20	18	18	28	 	2	92.35%	78	85	86.54	3.4
1872	19	18	18	17	15	15	17	28	2	3	87.65%	83	87	86.46	3.4
1853	20	18	18	19	18	18	19	30	2	1	95.29%	85	78	86.32	3.4
2420	20	19	20	20	16	20	20	26	0	5	94.71%	70	86	86.28	3.4
0371	17	13	18	18	17	17	20	28	 	1	87.06%	91	83	86.22	3.4
1916	19	19	19	18	17	18	19	29	 	 	92.94%	82	81	85.98	3.4
6690	19	10	18	19	20	19	20	29	0	4	90.59%	86	81	85.84	3.3
3764	18	17	19	19	16	17	20	15	0	2	82.94%	83	90	85.78	3.3
9683	17	16	19	20	16	19	18	29	 	5	90.59%	77	85	85.64	3.3
7183	20	19	17	19	17	18	20	28	 	 	92.94%	94	74	85.58	3.3
4039	20	15	16	20	20	17	17	30	0	3	91.18%	85	80	85.47	3.3
3762	17	14	16	18	14	15	17	27	0	5	81.18%	85	90	85.47	3.3
5025	18	16	17	19	19	18	18	28	0	5	90.00%	72	87	85.20	3.3
8757	18	17	17	18	15	18	20	29	 	1	89.41%	84	81	84.96	3.3
9885	18	17	19	17	17	13	18	29	 	2	87.06%	92	79	84.82	3.3
6844	19	17	19	18	19	13	20	30	 	5	91.18%	87	77	84.67	3.3
1598	19	18	17	16	19	16	16	27	 	5	87.06%	80	84	84.42	3.2
2161	19	16	19	18	19	19	20	29	 	3	93.53%	75	80	84.41	3.2
8283	18	18	17	18	20	18	20	28	 	3	92.35%	79	79	84.34	3.2
1346	20	19	18	18	20	19	20	28	 	5	95.29%	87	72	84.32	3.2
2038	19	19	18	20	16	11	16	17	 	1	80.00%	87	87	84.20	3.2
4137	19	14	15	19	20	18	19	29	 	 	90.00%	67	87	84.20	3.2
1358	19	13	16	16	19	14	20	30	 	 	86.47%	70	89	84.19	3.2
2641	18	15	20	18	20	18	20	28	 	1	92.35%	76	80	84.14	3.2
0287	19	12	18	18	19	14	18	30	0	0	87.06%	78	84	84.02	3.2
3153	19	17	15	20	18	14	19	30	0	4	89.41%	83	79	83.96	3.2
0476	20	14	14	16	17	15	18	24	 	3	81.18%	75	91	83.87	3.2
0792	19	17	20	19	16	16	18	29	 	 	90.59%	78	80	83.84	3.2
3301	20	13	17	15	19	19	18	29	 	3	88.24%	84	79	83.69	3.2
8952	19	17	16	18	17	18	20	27	0	2	89.41%	77	81	83.56	3.2
5116	19	13	18	20	18	17	19	28	0	5	89.41%	77	81	83.56	3.2
0366	19	19	14	17	14	18	19	30	 	4	88.24%	87	76	83.09	3.1
9591	18	20	19	16	18	16	18	28	0	0	90.00%	83	76	83.00	3.1
0515	20	16	17	19	19	17	20	28	0	5	91.76%	74	78	82.71	3.1
0242	19	15	16	19	16	19	17	18	 	2	81.76%	90	80	82.71	3.1
3709	17	19	16	18	19	 	18	26	 	2	78.24%	85	86	82.69	3.1
6736	20	19	18	16	19	17	19	27	 	5	91.18%	91	70	82.67	3.1
4781	20	20	19	19	20	20	20	30	2	2	100.00%	77	68	82.60	3.1
2795	20	19	18	16	20	20	19	29	 	3	94.71%	88	67	82.28	3
2352	19	13	19	15	18	15	20	29	 	5	87.06%	89	74	82.22	3
0121	17	15	16	19	19	12	19	29	0	2	85.88%	69	85	82.15	3
5563	18	19	19	17	20	16	18	29	 	5	91.76%	85	71	82.11	3
6833	19	17	18	18	18	19	19	30	 	1	92.94%	80	72	81.98	3
4863	19	18	20	18	17	20	19	25	0	0	91.76%	59	83	81.71	3
2225	19	15	15	18	19	20	20	20	 	2	85.88%	72	82	81.55	3
3631	20	17	15	19	19	19	18	19	 	1	85.88%	60	88	81.55	3
8869	19	13	13	16	16	14	19	27	 	2	80.59%	92	77	81.44	2.9
3656	19	16	19	19	19	17	19	29	0	0	92.35%	90	66	81.34	2.9
9835	17	19	17	19	19	20	19	23	0	3	90.00%	58	84	81.20	2.9
3538	18	13	19	15	18	14	19	26	 	1	83.53%	86	76	81.01	2.9
7710	19	17	13	15	15	17	18	27	 	3	82.94%	73	83	80.98	2.9
5714	20	13	20	19	20	17	20	28	 	5	92.35%	73	73	80.74	2.9
9357	19	15	19	19	18	16	18	27	 	3	88.82%	77	73	80.13	2.8
0420	18	16	18	14	18	18	19	26	 	4	86.47%	87	70	79.99	2.8
2286	18	20	17	14	17	11	19	28	0	3	84.71%	78	76	79.88	2.8
1051	18	20	19	20	20	19	18	30	2	1	97.65%	74	65	79.86	2.8
9536	16	16	20	17	18	17	18	29	 	1	88.82%	78	71	79.53	2.7
0302	19	18	10	14	19	19	20	29	 	3	87.06%	79	72	79.42	2.7
1108	20	14	15	17	19	18	20	17	0	5	82.35%	82	75	79.34	2.7
0323	19	18	11	18	19	16	19	28	 	5	87.06%	74	74	79.22	2.7
0294	20	12	16	18	16	18	18	24	0	4	83.53%	93	68	79.21	2.7
6481	18	19	18	15	18	17	18	26	 	 	87.65%	60	80	79.06	2.7
6838	20	19	18	20	19	16	18	24	 	5	90.59%	64	75	79.04	2.7
0018	19	13	14	16	17	18	20	28	0	3	85.29%	81	71	78.72	2.7
2676	17	15	16	16	15	18	19	27	 	5	84.12%	73	76	78.65	2.7
6932	19	19	20	19	20	17	19	29	0	3	95.29%	70	66	78.52	2.7
4872	19	12	20	16	17	15	19	29	0	5	86.47%	86	66	78.19	2.6
3640	17	18	12	19	0	15	19	29	 	 	75.88%	87	76	78.15	2.6
8555	19	18	19	18	17	18	19	29	0	5	92.35%	85	60	77.94	2.6
1499	20	19	19	18	16	15	20	30	0	2	92.35%	65	70	77.94	2.6
8530	20	17	16	19	18	14	20	28	 	1	89.41%	72	69	77.76	2.6
8886	16	17	16	18	17	16	20	25	0	1	85.29%	81	68	77.52	2.6
5858	18	16	18	18	19	18	18	14	0	5	81.76%	78	73	77.51	2.6
5449	18	18	18	17	19	18	20	27	0	0	91.18%	73	66	77.47	2.6
8624	20	16	17	19	18	 	 	14	 	2	61.18%	85	89	77.07	2.5
3091	20	17	18	18	17	17	19	28	 	4	90.59%	65	69	76.84	2.5
3534	19	15	8	17	11	10	16	23	0	3	70.00%	100	72	76.80	2.5
1756	16	13	18	17	18	19	17	23	 	5	82.94%	62	78	76.78	2.5
3260	19	17	17	18	19	19	15	0	 	4	72.94%	73	82	76.58	2.5
7470	19	16	13	16	17	16	17	26	 	4	82.35%	72	73	76.54	2.5
0273	17	14	17	16	19	16	17	17	 	5	78.24%	74	76	76.49	2.5
2340	19	13	14	18	19	16	20	28	0	4	86.47%	81	64	76.39	2.5
1035	18	18	16	18	19	18	19	15	0	2	82.94%	79	68	76.18	2.4
2747	20	16	18	17	18	18	16	17	 	4	82.35%	70	73	76.14	2.4
4663	20	19	17	19	12	18	16	24	 	5	85.29%	84	63	76.12	2.4
6482	18	14	17	15	16	18	9	10	0	5	68.82%	81	79	75.33	2.3
0305	19	18	20	19	20	17	20	26	0	1	93.53%	77	56	75.21	2.3
0448	19	17	17	16	18	16	19	27	0	2	87.65%	67	66	74.86	2.3
6617	20	17	17	14	16	6	18	26	 	4	78.82%	76	69	74.33	2.2
3050	18	16	14	17	19	17	19	28	0	4	87.06%	74	61	74.02	2.2
0111	20	15	13	16	12	15	19	28	 	4	81.18%	65	71	73.87	2.2
8795	19	12	18	18	18	18	18	27	0	0	87.06%	69	63	73.82	2.2
5564	17	19	9	15	14	13	16	27	0	4	76.47%	78	69	73.79	2.2
1261	13	14	18	19	14	8	19	28	 	5	78.24%	61	75	73.49	2.2
8151	19	17	18	19	18	20	20	30	0	5	94.71%	78	49	73.08	2.1
4532	20	20	20	19	16	15	14	5	 	5	75.88%	65	74	72.95	2.1
6314	20	20	18	16	18	20	20	11	 	5	84.12%	85	54	72.25	2
8547	9	17	15	15	17	17	19	26	 	4	79.41%	54	74	72.16	2
2775	16	17	17	18	15	17	5	19	 	5	72.94%	73	70	71.78	2
0126	19	19	15	14	15	14	13	0	0	5	64.12%	77	76	71.45	2
1431	16	18	11	13	17	17	18	27	 	 	80.59%	66	64	71.04	1.9
7441	18	10	9	15	16	18	18	21	 	5	73.53%	78	65	71.01	1.9
8411	20	17	18	17	16	17	20	19	 	5	84.71%	52	66	70.68	1.9
6843	18	14	13	16	18	15	20	26	0	2	82.35%	33	77	70.34	1.9
0539	16	16	6	11	13	0	13	18	 	3	54.71%	75	83	70.08	1.8
3498	17	17	20	18	15	19	15	26	 	5	86.47%	63	56	69.59	1.8
8329	18	13	16	16	14	16	 	 	 	5	54.71%	86	75	69.08	1.7
5122	12	13	16	15	16	16	20	15	 	2	72.35%	76	62	68.94	1.7
3548	15	17	18	16	20	12	18	23	 	5	81.76%	70	54	68.31	1.7
2606	17	17	15	18	16	12	5	14	0	5	67.06%	57	75	68.22	1.6
0274	18	13	13	13	0	15	17	13	 	5	60.00%	64	77	67.60	1.6
2684	19	16	18	18	17	18	19	0	 	4	73.53%	64	63	67.41	1.6
2754	18	11	19	18	16	17	15	27	0	4	82.94%	56	57	67.18	1.5
0641	20	19	19	18	18	16	18	0	 	4	75.29%	87	49	67.12	1.5
6943	18	13	18	19	15	18	20	17	0	5	81.18%	73	50	67.07	1.5
9014	19	19	19	20	18	20	18	30	 	5	95.88%	59	41	66.55	1.5
5137	16	17	7	18	20	17	19	29	 	4	84.12%	50	56	66.05	1.4
1225	20	17	14	14	17	17	19	0	 	5	69.41%	69	61	65.96	1.4
1190	18	15	8	15	16	14	10	22	0	1	69.41%	61	65	65.96	1.4
2469	12	14	10	17	11	13	13	11	 	5	59.41%	77	67	65.96	1.4
1634	16	10	14	16	17	20	18	23	 	5	78.82%	59	56	65.73	1.4
9289	18	18	19	15	18	14	19	22	 	5	84.12%	49	55	65.45	1.4
1562	16	17	16	19	20	20	18	28	 	 	90.59%	61	42	65.24	1.4
2185	17	14	17	14	15	15	20	21	 	5	78.24%	31	68	64.69	1.3
0159	9	10	13	5	14	14	18	27	 	1	64.71%	74	60	64.68	1.3
5074	20	20	18	20	18	18	20	5	0	5	81.76%	78	40	64.31	1.3
8765	20	15	16	16	10	8	14	0	 	4	58.24%	74	63	63.29	1.2
0592	19	18	14	16	16	13	15	22	 	3	78.24%	49	54	62.69	1.1
2818	16	15	17	18	15	14	16	14	 	5	73.53%	52	57	62.61	1.1
3812	16	6	17	16	0	16	15	11	0	5	57.06%	72	61	61.62	1
0990	19	18	17	19	20	 	 	 	 	5	54.71%	55	69	60.48	0.9
9439	19	14	14	14	14	14	13	10	 	5	65.88%	50	60	60.35	0.9
7237	14	12	18	4	16	18	20	28	 	4	76.47%	56	41	58.19	0.8
0910	20	19	18	19	18	0	 	0	 	5	55.29%	93	42	57.52	0.7
6988	19	20	16	15	18	15	12	29	 	1	84.71%	39	39	57.28	0.7
6356	18	14	12	17	0	0	18	28	 	5	62.94%	56	52	57.18	0.7
1881	11	6	12	16	9	6	17	17	0	5	55.29%	49	62	56.72	0.7
0625	14	12	12	16	16	13	9	3	 	5	55.88%	61	53	55.75	0
5536	19	5	17	17	0	17	15	0	0	4	52.94%	58	56	55.18	0
3786	6	8	4	 	14	 	15	19	0	4	38.82%	45	75	54.53	0
6713	5	7	9	19	9	4	12	7	0	5	42.35%	63	60	53.54	0
6791	8	11	5	16	 	14	 	 	 	5	31.76%	74	63	52.71	0
4647	9	10	6	15	 	 	7	7	 	4	31.76%	69	62	51.31	0
0102	8	16	18	17	17	16	11	6	 	5	64.12%	51	38	51.05	0
8409	16	14	7	14	3	2	12	5	 	4	42.94%	57	56	50.98	0
4717	15	13	7	18	11	12	9	7	 	5	54.12%	61	39	49.45	0
3759	13	14	0	7	0	9	0	0	0	5	25.29%	65	64	48.72	0
2768	17	10	6	17	8	8	0	2	0	5	40.00%	56	46	45.60	0
9191	8	9	15	14	12	2	8	 	 	4	40.00%	62	42	45.20	0
1740	12	17	8	16	0	0	8	0	0	5	35.88%	68	41	44.35	0
5145	15	14	10	12	 	 	 	20	 	5	41.76%	45	43	42.91	0
2872	7	10	4	14	17	11	 	 	 	5	37.06%	56	41	42.42	0
3776	17	19	6	20	 	 	 	29	0	2	53.53%	57	16	39.21	0
0346	3	2	17	15	19	 	 	 	 	5	32.94%	46	40	38.38	0
6427	9	4	 	 	 	 	 	 	 	 	7.65%	49	58	36.06	0
1610	5	8	15	14	16	9	9	27	 	3	60.59%	15	14	32.84	0
4111	8	12	4	14	12	 	 	 	0	5	29.41%	43	30	32.36	0
2426	14	10	17	13	3	0	0	0	0	5	33.53%	28	33	32.21	0
6451	9	14	15	15	13	6	8	 	 	5	47.06%	58	0	30.42	0
3026	4	12	7	13	9	 	2	 	 	5	27.65%	37	22	27.26	0
3133	 	 	 	 	 	 	 	 	 	 	0.00%	38	37	22.40	0
0558	17	17	17	16	18	 	 	 	0	2	50.00%	 	0	20.00	0
3042	8	7	5	2	 	 	 	 	 	1	12.94%	67	0	18.58	0
0152	13	12	7	5	 	 	 	 	 	5	21.76%	40	0	16.71	0
0044	19	15	9	 	 	 	 	 	 	4	25.29%	 	0	10.12	0
0040	7	2	0	 	 	 	 	 	 	0	5.29%	34	0	8.92	0

mean	17.4	15.6	15.8	17.1	16.6	15.8	17.4	23.3	0.3	3.3	78.27%	74.2	69.3	73.7	2.3
median	19	17	17	18	18	17	19	27	0	4	86.47%	77	74	79.0	2.7