last 4 digits of sid	assign1	assign2	assign3	assign4	assign5	assign6	assign7	assign8	bonus8	Late_Days	weekly %	midterm	new mid	final	total	grade
0725	20	19	19	20	20	20	20	29	 	1	98.24%	99	112	101	102.09	4
1425	20	20	20	18	18	20	19	30	 	 	97.06%	100	113	100	101.42	4
4029	19	19	18	18	19	17	19	28	2	1	93.53%	94	107	101	99.21	4
6031	19	18	20	20	20	19	20	26	2	1	96.47%	96	109	96	98.79	4
3111	20	14	20	20	19	15	17	29	2	5	91.76%	92	105	99	97.31	4
0308	19	17	18	19	20	19	20	30	 	3	95.29%	88	101	97	97.12	4
1724	20	19	19	19	20	19	20	28	 	5	96.47%	85	98	95	96.19	3.9
0764	18	18	19	19	20	17	19	29	 	 	93.53%	100	113	90	96.01	3.9
6904	17	19	20	17	19	20	19	28	2	4	94.71%	81	94	98	95.88	3.9
8626	19	19	19	19	19	14	20	27	 	 	91.76%	82	95	99	95.31	3.9
0842	19	19	18	16	20	17	19	30	2	3	94.12%	87	100	94	95.25	3.9
0749	19	18	19	19	20	19	20	28	 	2	95.29%	84	97	93	94.72	3.9
0399	20	19	19	19	20	16	17	28	 	 	92.94%	90	103	92	94.58	3.9
3514	19	19	20	20	20	19	17	26	 	 	94.12%	99	112	86	94.45	3.9
9683	20	18	20	19	16	11	18	28	 	4	88.24%	84	97	99	94.29	3.9
2946	20	20	19	20	19	19	19	28	2	 	97.65%	83	96	88	93.46	3.8
3827	20	15	18	16	18	18	19	30	 	4	90.59%	80	93	95	92.84	3.8
1661	20	15	17	19	19	19	18	29	2	2	92.94%	85	98	90	92.78	3.8
0598	20	20	19	20	19	14	19	27	 	4	92.94%	82	95	91	92.58	3.8
1400	18	17	15	18	16	18	20	28	2	 	89.41%	66	79	101	91.96	3.8
1836	19	20	19	20	20	19	19	28	2	 	97.65%	80	93	85	91.66	3.8
5742	19	20	20	20	19	20	19	27	 	5	96.47%	66	79	93	91.59	3.8
0897	18	16	18	18	19	19	20	29	 	3	92.35%	65	78	97	91.34	3.8
1341	20	16	18	19	20	18	17	20	 	 	87.06%	75	88	97	91.22	3.8
0472	19	15	18	17	16	20	14	26	 	 	85.29%	72	85	99	90.72	3.7
0466	20	18	18	20	18	17	20	29	 	4	94.12%	87	100	82	90.45	3.7
7569	20	19	20	20	19	17	18	28	2	1	95.88%	48	61	99	90.15	3.7
1839	16	17	19	16	17	14	18	29	 	5	85.88%	85	98	90	89.95	3.7
0069	19	14	18	19	20	18	19	28	 	4	91.18%	87	100	83	89.67	3.7
0973	19	16	18	19	17	17	16	29	 	 	88.82%	77	90	90	89.53	3.7
0510	16	16	19	19	20	18	15	30	 	1	90.00%	90	103	82	89.40	3.7
4241	20	17	19	19	17	19	18	26	 	5	91.18%	61	74	95	89.27	3.6
1896	19	19	19	20	19	20	16	26	 	1	92.94%	71	84	88	89.18	3.6
1129	20	17	17	18	16	17	19	30	2	1	91.76%	77	90	86	89.11	3.6
8555	15	20	19	18	17	17	18	26	 	4	88.24%	82	95	87	89.09	3.6
8733	18	18	17	18	20	18	19	28	2	2	92.94%	62	75	91	88.58	3.6
1087	17	17	16	17	16	16	20	27	 	1	85.88%	74	87	91	88.15	3.6
3632	19	13	17	16	19	13	19	27	 	5	84.12%	79	92	90	88.05	3.6
1630	19	18	18	19	17	16	18	27	 	 	89.41%	60	73	91	86.76	3.5
7604	19	18	17	20	14	14	20	25	 	2	86.47%	87	100	80	86.59	3.5
0795	17	18	19	18	19	18	17	25	2	 	90.00%	63	76	88	86.40	3.5
2446	19	12	16	18	16	17	17	26	 	 	82.94%	74	87	89	86.18	3.5
3162	19	14	20	20	18	17	19	26	2	1	91.18%	86	99	74	85.87	3.5
1281	20	19	18	17	19	17	16	23	 	2	87.65%	75	88	83	85.86	3.5
7253	19	17	16	18	19	17	19	25	2	1	89.41%	77	90	80	85.76	3.5
0123	20	18	13	17	20	15	20	28	 	2	88.82%	68	81	85	85.73	3.5
4468	19	16	18	19	18	17	18	26	 	4	88.82%	70	83	84	85.73	3.5
3158	19	17	14	18	17	16	15	27	 	5	84.12%	70	83	88	85.45	3.5
7525	19	20	17	17	19	19	19	30	 	5	94.12%	79	92	73	85.25	3.5
3279	14	10	10	17	14	14	16	30	 	4	73.53%	88	101	89	85.21	3.5
2247	16	17	15	18	19	17	18	27	 	2	86.47%	62	75	89	85.19	3.5
7593	19	18	19	20	18	13	18	28	 	5	90.00%	72	85	80	85.00	3.5
4818	17	18	17	15	17	9	15	28	 	3	80.00%	64	77	94	85.00	3.5
1088	20	17	19	17	17	14	19	28	0	 	88.82%	69	82	82	84.73	3.5
2885	19	17	17	20	17	16	18	27	 	4	88.82%	45	58	94	84.73	3.5
8612	18	16	15	20	19	17	16	29	 	1	88.24%	68	81	83	84.69	3.5
9695	18	18	19	19	15	15	17	27	 	2	87.06%	50	63	93	84.62	3.5
8378	20	16	17	17	17	19	19	26	 	5	88.82%	61	74	85	84.33	3.4
6228	19	17	13	15	15	19	16	27	 	3	82.94%	72	85	84	83.78	3.4
0086	19	19	15	17	19	16	20	24	 	1	87.65%	88	101	71	83.66	3.4
1879	19	9	17	17	17	 	20	27	 	5	74.12%	71	84	93	83.65	3.4
3623	17	13	15	18	11	14	18	20	 	5	74.12%	61	74	97	83.25	3.3
5137	19	20	18	18	19	19	20	28	 	2	94.71%	56	69	78	82.88	3.3
7776	13	14	13	17	18	14	16	26	2	 	78.24%	76	89	84	82.69	3.3
0600	19	15	17	17	17	16	19	27	 	 	86.47%	57	70	85	82.59	3.3
6758	19	18	11	19	16	15	16	28	 	1	83.53%	64	77	84	82.41	3.2
6055	15	14	15	16	19	15	19	28	 	4	82.94%	59	72	87	82.38	3.2
2453	20	17	20	19	19	15	17	28	 	3	91.18%	64	77	76	82.27	3.2
8310	20	18	18	20	16	17	16	24	 	1	87.65%	79	92	72	82.26	3.2
9767	19	19	19	18	17	17	15	26	 	5	88.24%	63	76	79	82.09	3.2
1586	18	16	19	20	18	18	16	29	 	5	90.59%	46	59	85	82.04	3.2
6706	19	19	12	19	17	17	18	27	 	1	87.06%	69	82	77	82.02	3.2
6180	15	17	18	14	15	14	15	27	 	2	79.41%	69	82	84	81.76	3.2
2908	17	12	16	18	15	10	17	18	 	3	72.35%	77	90	87	81.74	3.2
3053	20	19	14	18	19	18	17	22	 	 	86.47%	77	90	72	81.39	3.1
9017	18	18	19	18	18	16	17	28	 	4	89.41%	68	81	73	81.16	3.1
0256	19	17	15	20	18	18	20	25	2	5	90.59%	49	62	81	81.04	3.1
2469	19	18	18	19	19	16	19	12	 	4	82.35%	76	89	75	80.74	3.1
3812	18	12	18	19	19	19	16	26	 	5	86.47%	66	79	75	80.39	3
8016	19	13	18	17	19	17	16	29	 	2	87.06%	64	77	73	79.42	2.9
1146	14	14	12	17	14	17	18	25	 	5	77.06%	77	90	76	79.22	2.9
0830	20	18	17	19	19	17	20	28	 	3	92.94%	61	74	68	79.18	2.9
1133	19	18	19	16	20	17	19	30	 	3	92.94%	71	84	63	79.18	2.9
3581	18	12	14	16	18	16	17	26	 	1	80.59%	65	78	78	79.04	2.9
0928	17	14	10	18	13	18	16	24	 	5	76.47%	56	69	86	78.79	2.9
3540	18	13	15	18	16	15	15	25	 	1	79.41%	84	97	69	78.76	2.9
0664	14	12	16	17	18	12	15	20	 	2	72.94%	65	78	84	78.38	2.8
4798	20	13	17	19	18	18	19	27	 	2	88.82%	49	62	76	78.33	2.8
9220	17	20	17	16	18	13	18	25	 	2	84.71%	64	77	72	78.08	2.8
7149	19	17	16	20	16	15	20	27	 	5	88.24%	70	83	65	77.89	2.8
6374	19	19	14	18	16	15	19	27	 	5	86.47%	62	75	69	77.19	2.7
3282	19	17	19	18	19	17	17	29	 	1	91.18%	68	81	61	77.07	2.7
2188	19	17	10	15	15	19	18	28	 	3	82.94%	64	77	71	76.98	2.7
7382	14	15	16	18	17	17	18	23	 	3	81.18%	79	92	65	76.87	2.7
6494	18	20	16	20	14	16	15	27	 	5	85.88%	55	68	72	76.75	2.7
6749	18	5	14	18	19	18	19	28	0	2	81.76%	55	68	76	76.71	2.7
0641	19	20	19	19	18	18	13	27	 	2	90.00%	73	86	57	76.00	2.6
2210	17	12	17	16	14	14	18	26	 	1	78.82%	57	70	76	75.93	2.6
4456	15	14	11	17	16	16	19	29	 	1	80.59%	53	66	76	75.84	2.6
0491	18	12	16	16	19	15	14	11	 	2	71.18%	61	74	81	75.67	2.6
0948	15	15	12	14	15	13	17	13	 	4	67.06%	63	76	84	75.62	2.6
2971	17	7	17	13	14	16	16	24	 	5	72.94%	61	74	78	75.18	2.5
0197	17	10	17	15	17	14	17	24	 	3	77.06%	58	71	75	75.02	2.5
5420	19	14	17	16	15	13	16	26	 	4	80.00%	73	86	64	74.80	2.5
1110	19	19	16	16	16	19	11	28	 	5	84.71%	41	54	75	74.68	2.5
1470	18	8	7	13	18	19	14	30	 	 	74.71%	64	77	73	74.48	2.4
0564	16	17	18	15	15	10	19	22	 	 	77.65%	60	73	72	74.46	2.4
1768	19	16	18	17	19	17	20	29	 	 	91.18%	56	69	60	74.27	2.4
9200	14	12	6	16	12	16	16	27	 	2	70.00%	74	87	72	74.20	2.4
9359	16	16	17	19	7	15	10	23	 	5	72.35%	68	81	72	73.94	2.4
0354	19	12	13	11	14	 	17	16	 	5	60.00%	94	107	71	73.80	2.4
6482	18	16	20	15	18	15	11	23	 	5	80.00%	76	89	60	73.80	2.4
6495	17	11	14	16	17	16	17	28	 	5	80.00%	64	77	66	73.80	2.4
7529	15	11	16	10	14	15	16	25	 	5	71.76%	52	65	80	73.71	2.4
0736	20	15	18	19	20	18	18	27	 	3	91.18%	49	62	62	73.67	2.4
7031	13	13	12	0	17	15	17	25	 	5	65.88%	59	72	80	72.75	2.3
1360	20	19	18	17	10	16	14	26	 	 	82.35%	58	71	64	72.74	2.3
0754	19	17	18	17	17	13	17	20	 	3	81.18%	58	71	65	72.67	2.3
2758	19	11	17	18	17	15	17	23	 	3	80.59%	61	74	64	72.64	2.3
6215	19	14	18	12	19	 	11	 	 	5	54.71%	76	89	82	72.48	2.2
2520	20	15	17	19	20	17	18	26	 	 	89.41%	52	65	58	71.96	2.2
6505	10	12	14	17	17	17	19	26	 	5	77.65%	40	53	75	71.66	2.2
5732	6	15	5	13	13	15	11	11	 	4	52.35%	46	59	97	71.54	2.2
0502	20	18	17	17	15	18	17	26	 	5	87.06%	50	63	60	71.42	2.1
5341	14	13	15	15	12	13	17	26	 	5	73.53%	63	76	67	71.41	2.1
8182	19	17	10	18	14	12	16	6	 	5	65.88%	67	80	72	71.15	2.1
0464	16	18	18	12	10	15	16	21	 	5	74.12%	60	73	66	70.65	2.1
8277	20	17	12	18	14	14	17	22	 	5	78.82%	54	67	63	70.13	2
0264	15	11	15	18	18	18	15	25	 	4	79.41%	64	77	56	69.56	2
9500	19	18	18	17	17	16	17	7	 	2	75.88%	61	74	61	69.55	2
5879	20	17	18	15	14	14	18	17	 	1	78.24%	58	71	57	68.29	1.8
3345	17	16	19	19	18	16	18	28	 	5	88.82%	46	59	52	68.13	1.8
9490	10	12	17	12	17	10	18	24	 	3	70.59%	58	71	64	68.04	1.8
7442	19	17	4	19	19	17	17	29	 	4	82.94%	61	74	50	67.98	1.8
0379	19	15	13	16	17	18	17	24	 	2	81.76%	45	58	59	67.91	1.8
5572	15	12	13	18	17	17	17	24	 	2	78.24%	64	77	53	67.89	1.8
0266	11	10	17	19	20	16	20	30	 	3	84.12%	37	50	60	67.65	1.8
5978	18	10	12	16	19	14	12	24	 	4	73.53%	48	61	65	67.61	1.8
4141	18	15	14	15	16	16	18	24	 	5	80.00%	56	69	53	67.00	1.7
5267	20	17	15	19	16	14	18	16	 	4	79.41%	54	67	53	66.36	1.6
8814	17	12	15	18	17	19	20	28	 	1	85.88%	35	48	56	66.35	1.6
9568	19	12	16	16	20	15	15	26	 	 	81.76%	63	76	46	66.31	1.6
8567	18	13	9	14	16	15	14	23	 	2	71.76%	61	74	57	66.31	1.6
1367	18	8	7	19	17	20	19	27	 	4	79.41%	27	40	66	66.16	1.6
0062	10	12	10	16	11	15	15	28	 	5	68.82%	48	61	65	65.73	1.6
2474	9	18	0	0	12	9	15	24	 	 	51.18%	72	85	70	65.47	1.5
0938	17	8	10	15	16	16	16	19	 	4	68.82%	66	79	55	65.33	1.5
7758	16	19	14	14	15	16	15	 	 	 	64.12%	63	76	61	65.25	1.5
0815	18	14	17	19	19	5	18	20	 	5	76.47%	78	91	41	65.19	1.5
8116	19	17	15	16	16	16	8	24	 	3	77.06%	51	64	53	64.82	1.5
4911	19	18	16	17	17	16	13	26	 	 	83.53%	52	65	46	64.81	1.5
6365	19	15	18	18	16	17	14	5	 	5	71.76%	63	76	52	64.71	1.5
1710	7	 	17	17	18	13	18	26	 	2	68.24%	36	49	69	64.69	1.5
9563	11	15	12	19	14	16	18	 	 	5	61.76%	67	80	58	63.91	1.4
2872	7	15	16	15	18	17	18	9	 	5	67.65%	60	73	55	63.66	1.4
0577	11	16	18	18	9	9	7	8	 	5	56.47%	68	81	62	63.59	1.4
8833	18	14	15	17	17	16	18	11	 	 	74.12%	50	63	52	63.05	1.3
9020	20	20	12	 	19	17	16	25	 	 	75.88%	50	63	50	62.95	1.3
0910	11	14	13	12	 	 	 	 	 	5	29.41%	58	71	92	62.76	1.3
0274	17	19	12	16	17	12	17	 	 	5	64.71%	53	66	59	62.68	1.3
9007	18	12	10	17	13	15	16	16	 	5	68.82%	52	65	55	62.53	1.3
8292	19	13	0	18	0	16	14	22	 	5	60.00%	55	68	62	62.40	1.2
8199	16	15	14	14	8	17	8	25	 	5	68.82%	46	59	57	62.13	1.2
1278	14	14	13	15	15	8	12	 	 	5	53.53%	50	63	70	62.01	1.2
5000	15	12	15	17	16	12	9	23	 	3	70.00%	43	56	57	62.00	1.2
9407	16	14	18	17	0	19	13	17	 	3	67.06%	61	74	49	61.22	1.1
6919	10	14	6	15	12	6	10	11	 	5	49.41%	69	82	61	60.56	1.1
9587	19	13	12	15	14	15	16	27	 	 	77.06%	50	63	42	60.22	1
5091	12	8	8	19	0	12	13	13	 	5	50.00%	63	76	61	59.60	1
7980	18	10	6	19	16	18	 	27	 	1	67.06%	56	69	47	59.42	0.9
0067	17	10	15	14	18	16	16	25	 	1	77.06%	52	65	38	59.02	0.9
7660	16	15	16	16	13	7	5	14	 	5	60.00%	43	56	59	58.80	0.9
3948	18	19	18	15	 	 	 	 	 	 	41.18%	89	102	52	57.67	0.8
2791	20	16	15	18	15	14	 	5	 	5	60.59%	48	61	51	56.84	0.7
6671	18	17	19	17	0	 	2	3	 	5	44.71%	61	74	54	54.28	0.7
5557	12	12	8	16	11	12	12	19	 	5	60.00%	38	51	45	52.20	0
2349	18	19	16	15	17	18	8	7	 	5	69.41%	34	47	35	51.16	0
4770	18	14	17	16	18	 	15	 	 	1	57.65%	29	42	43	48.66	0
9340	 	 	 	 	 	14	10	22	2	 	28.24%	 	 	86	45.69	0
5074	7	18	14	19	 	 	 	 	 	5	34.12%	56	69	39	43.05	0
1715	16	19	17	20	16	19	 	 	 	 	62.94%	50	63	12	42.58	0
3042	13	 	5	16	5	 	 	 	 	4	22.94%	48	61	49	40.98	0
1253	8	7	9	6	 	 	 	 	 	3	17.65%	49	62	52	40.26	0
0353	19	14	 	18	 	 	 	 	 	1	30.00%	55	68	36	40.00	0
2858	17	17	11	20	 	 	 	 	 	4	38.24%	57	70	17	36.09	0
1963	4	17	4	0	6	4	7	0	 	5	24.71%	33	46	39	34.68	0
0346	 	8	4	10	 	 	 	 	 	3	12.94%	31	44	39	29.58	0
0911	13	17	17	15	 	 	 	 	 	2	36.47%	61	74	 	29.39	0
7599	 	 	 	 	 	 	 	 	 	 	0.00%	73	86	 	17.20	0
0847	20	 	 	 	 	 	 	 	 	1	11.76%	 	 	 	4.71	0
1786	 	 	 	 	 	 	 	 	 	 	0.00%	 	 	 	0.00	0

mean	17.3	15.5	15.4	16.9	16.4	15.8	16.6	24.2	1.8	3.4	76.70%	64.7	77.7	72.6	74.4	2.5
median	18	16	17	18	17	16	17	26	2	4	81.76%	63.5	76.5	74	76.71	2.7