last 4 digits of sid	assign1	assign2	assign3	assign4	assign5	assign6	assign7	assign8	bonus8	weekly %	midterm	new mid	final	new fin	total	grade
4237	20	20	18	19	20	19	20	29	 	97.06%	100	104	99	103	100.82	4
3835	19	19	15	20	19	20	20	30	2	96.47%	100	104	97	101	99.79	4
2602	20	17	19	18	20	18	20	28	 	94.12%	97	101	100	104	99.45	4
0608	20	18	19	18	20	17	18	27	2	93.53%	99	103	96	100	98.01	4
3080	20	18	19	20	20	18	20	28	 	95.88%	83	87	99	103	96.95	4
0903	20	20	20	19	20	17	19	30	 	97.06%	98	102	89	93	96.42	4
1297	20	19	19	20	20	18	20	29	2	98.24%	89	93	92	96	96.29	4
0113	15	15	20	18	18	20	20	30	 	91.76%	92	96	96	100	95.91	4
0731	20	17	19	20	15	16	20	28	 	91.18%	91	95	97	101	95.87	4
2007	19	19	20	20	19	20	20	30	 	98.24%	90	94	90	94	95.69	3.9
4253	20	20	20	19	19	17	19	27	 	94.71%	93	97	92	96	95.68	3.9
8310	17	17	18	17	19	15	19	27	 	87.65%	91	95	99	103	95.26	3.9
1558	20	19	18	20	20	20	20	29	 	97.65%	95	99	85	89	94.46	3.9
7658	19	16	17	18	19	14	19	27	 	87.65%	97	101	94	98	94.46	3.9
7972	18	18	20	18	17	14	15	26	 	85.88%	93	97	96	100	93.75	3.9
2671	20	17	19	20	19	18	20	29	 	95.29%	88	92	89	93	93.72	3.9
0427	20	19	19	20	19	17	20	29	 	95.88%	95	99	84	88	93.35	3.9
6994	18	15	19	20	20	16	20	28	 	91.76%	89	93	91	95	93.31	3.9
0007	16	19	16	16	19	16	19	28	 	87.65%	84	88	95	99	92.26	3.8
0319	20	19	20	19	20	18	20	21	 	92.35%	74	78	95	99	92.14	3.8
1425	17	19	16	20	20	14	20	28	 	90.59%	88	92	89	93	91.84	3.8
7448	16	19	20	18	20	19	17	30	 	93.53%	97	101	81	85	91.61	3.8
5559	19	17	18	20	16	19	18	27	 	90.59%	96	100	84	88	91.44	3.8
2468	20	18	17	18	19	17	20	29	 	92.94%	86	90	86	90	91.18	3.8
9812	9	18	18	18	19	15	17	26	 	82.35%	97	101	91	95	91.14	3.8
9565	19	19	19	19	19	20	20	29	2	97.65%	96	100	76	80	91.06	3.8
6621	18	19	19	18	19	19	20	26	 	92.94%	93	97	82	86	90.98	3.8
0153	17	12	17	17	15	19	19	27	 	84.12%	98	102	88	92	90.85	3.7
4615	20	20	18	14	20	18	16	27	 	90.00%	94	98	84	88	90.80	3.7
2326	20	19	16	17	18	16	20	24	2	89.41%	99	103	81	85	90.36	3.7
3776	18	20	19	19	20	19	18	29	0	95.29%	97	101	75	79	89.92	3.7
0534	20	19	20	19	19	19	16	29	 	94.71%	92	96	78	82	89.88	3.7
0179	18	20	20	19	19	20	18	27	 	94.71%	78	82	85	89	89.88	3.7
0803	18	17	19	20	16	19	19	27	 	91.18%	97	101	79	83	89.87	3.7
9642	20	19	18	18	19	17	20	29	 	94.12%	88	92	80	84	89.65	3.6
3887	20	19	18	17	20	18	18	30	2	95.29%	53	57	96	100	89.52	3.6
0366	20	18	19	17	16	16	17	27	 	88.24%	99	103	80	84	89.49	3.6
2962	20	19	16	18	18	14	19	30	 	90.59%	90	94	82	86	89.44	3.6
8239	19	19	18	19	16	15	20	28	 	90.59%	86	90	84	88	89.44	3.6
0505	18	12	20	18	19	18	19	29	 	90.00%	89	93	83	87	89.40	3.6
0308	19	14	19	19	17	19	18	28	 	90.00%	85	89	85	89	89.40	3.6
9611	15	19	16	19	20	19	20	30	 	92.94%	85	89	81	85	88.98	3.6
0507	19	17	19	20	19	20	20	29	 	95.88%	93	97	74	78	88.95	3.6
6915	19	19	18	18	18	18	17	29	 	91.76%	96	100	76	80	88.71	3.6
8802	20	19	18	18	19	17	20	27	 	92.94%	88	92	78	82	88.38	3.6
1222	19	16	17	18	19	15	19	24	 	86.47%	72	76	92	96	88.19	3.6
3259	20	17	15	17	19	15	20	19	 	83.53%	96	100	82	86	87.81	3.6
0796	18	17	16	19	19	15	19	29	 	89.41%	72	76	88	92	87.76	3.6
0336	19	17	20	20	20	20	 	29	 	85.29%	92	96	82	86	87.72	3.6
6143	19	19	17	18	15	 	20	24	 	77.65%	95	99	88	92	87.66	3.6
2107	19	18	15	20	19	19	20	30	 	94.12%	84	88	75	79	86.85	3.5
3071	20	18	20	17	17	16	20	29	 	92.35%	88	92	74	78	86.54	3.5
6346	20	19	20	20	19	19	17	27	 	94.71%	81	85	75	79	86.48	3.5
5259	19	16	16	18	18	17	20	28	 	89.41%	71	75	85	89	86.36	3.5
7066	19	17	17	19	16	17	18	27	 	88.24%	69	73	87	91	86.29	3.5
1748	18	17	19	19	18	17	19	28	0	91.18%	78	82	79	83	86.07	3.5
1744	19	15	19	20	19	17	20	30	 	93.53%	85	89	73	77	86.01	3.5
2701	20	19	18	19	19	17	18	22	 	89.41%	89	93	75	79	85.96	3.5
0428	20	18	16	16	13	14	19	29	 	85.29%	71	75	88	92	85.92	3.5
0048	20	19	20	18	18	17	19	29	 	94.12%	73	77	78	82	85.85	3.5
3212	20	11	18	17	17	19	19	27	 	87.06%	79	83	82	86	85.82	3.5
2543	18	16	17	19	19	20	20	27	 	91.76%	83	87	75	79	85.71	3.5
9983	18	20	15	18	19	17	20	26	2	91.18%	96	100	69	73	85.67	3.5
1405	20	17	17	19	14	17	13	30	 	86.47%	87	91	78	82	85.59	3.5
7709	18	17	13	18	18	19	16	27	 	85.88%	92	96	76	80	85.55	3.5
2589	19	17	19	20	18	18	16	27	 	90.59%	75	79	79	83	85.24	3.4
4281	18	17	19	19	18	18	20	22	 	88.82%	86	90	75	79	85.13	3.4
8085	19	13	18	18	14	14	17	25	 	81.18%	89	93	81	85	85.07	3.4
1138	20	13	15	19	18	18	19	26	 	87.06%	75	79	82	86	85.02	3.4
1328	20	16	17	20	19	16	19	28	 	91.18%	100	104	65	69	84.87	3.4
0761	20	18	17	18	19	17	19	29	 	92.35%	80	84	73	77	84.54	3.4
1208	17	11	19	19	17	17	20	28	 	87.06%	84	88	76	80	84.42	3.3
9497	20	18	16	18	18	17	17	29	 	90.00%	87	91	71	75	84.20	3.3
9551	18	9	18	18	18	14	16	28	 	81.76%	81	85	82	86	84.11	3.3
0382	19	17	18	20	18	16	12	15	 	79.41%	87	91	81	85	83.96	3.3
9655	17	18	17	18	20	20	20	28	2	94.12%	81	85	69	73	83.85	3.3
4264	19	16	19	17	20	16	13	30	 	88.24%	92	96	69	73	83.69	3.3
9530	20	13	16	19	18	20	17	28	 	88.82%	84	88	72	76	83.53	3.3
0413	20	16	19	18	20	17	20	29	 	93.53%	54	58	82	86	83.41	3.2
8591	19	16	16	18	19	18	18	29	 	90.00%	79	83	73	77	83.40	3.2
0412	20	19	20	20	19	16	20	29	 	95.88%	86	90	62	66	82.75	3.2
0744	20	19	19	19	20	16	19	30	 	95.29%	83	87	64	68	82.72	3.2
5330	20	17	18	19	19	17	20	25	 	91.18%	77	81	71	75	82.67	3.2
1823	19	16	16	18	19	17	20	29	 	90.59%	78	82	71	75	82.64	3.2
3036	11	15	16	15	18	18	20	29	 	83.53%	84	88	75	79	82.61	3.2
8634	19	19	15	20	17	11	19	30	 	88.24%	84	88	70	74	82.49	3.1
2610	20	19	18	19	18	19	20	28	 	94.71%	77	81	67	71	82.48	3.1
4083	20	17	19	20	20	15	20	27	2	94.12%	72	76	70	74	82.45	3.1
0910	20	17	18	19	19	17	18	23	 	88.82%	76	80	73	77	82.33	3.1
0175	19	16	18	18	20	17	18	29	 	91.18%	65	69	76	80	82.27	3.1
0326	14	13	20	17	18	15	19	27	 	84.12%	74	78	78	82	82.05	3.1
5493	19	16	17	19	20	17	19	29	 	91.76%	84	88	65	69	81.91	3.1
9694	20	16	14	17	17	15	18	26	 	84.12%	66	70	81	85	81.65	3.1
6771	19	14	19	20	18	18	19	30	 	92.35%	73	77	69	73	81.54	3.1
4333	20	16	15	15	17	13	19	29	 	84.71%	82	86	72	76	81.48	3
0063	19	17	16	18	12	19	19	28	 	87.06%	83	87	69	73	81.42	3
2775	18	16	18	19	19	16	18	25	 	87.65%	87	91	66	70	81.26	3
0533	18	15	10	20	19	18	19	21	 	82.35%	71	75	79	83	81.14	3
0370	18	16	18	15	19	16	16	27	 	85.29%	81	85	71	75	81.12	3
9461	18	14	19	16	18	16	19	19	 	81.76%	74	78	78	82	81.11	3
9496	19	17	18	18	19	18	18	28	 	91.18%	78	82	66	70	80.87	3
0886	20	11	16	20	19	19	20	28	 	90.00%	91	95	60	64	80.60	3
4017	19	19	20	18	17	6	20	27	 	85.88%	69	73	75	79	80.55	3
1792	16	13	13	19	15	19	14	30	 	81.76%	91	95	68	72	80.51	3
3906	19	19	14	18	19	16	17	29	2	90.00%	86	90	62	66	80.40	2.9
4336	18	18	18	16	16	 	18	26	 	76.47%	65	69	86	90	80.39	2.9
1299	20	16	18	20	11	17	20	16	 	81.18%	92	96	67	71	80.07	2.9
3466	16	14	12	17	12	17	20	29	 	80.59%	88	92	69	73	79.84	2.9
8854	19	17	20	19	18	17	20	29	 	93.53%	68	72	66	70	79.81	2.9
7334	19	18	10	16	17	14	18	28	 	82.35%	80	84	71	75	79.74	2.9
9703	20	18	18	20	18	20	19	29	 	95.29%	52	56	72	76	79.72	2.9
0044	20	17	16	17	19	17	18	26	 	88.24%	70	74	69	73	79.29	2.8
0592	18	17	15	19	20	14	20	30	 	90.00%	68	72	68	72	79.20	2.8
2056	19	19	19	19	20	17	18	27	 	92.94%	66	70	66	70	79.18	2.8
2012	17	18	18	20	15	17	19	27	 	88.82%	70	74	68	72	79.13	2.8
6780	17	15	17	20	16	17	15	30	 	86.47%	64	68	73	77	78.99	2.8
0074	17	15	8	14	18	16	18	30	 	80.00%	62	66	80	84	78.80	2.8
1023	19	18	19	11	18	15	17	29	 	85.88%	82	86	64	68	78.75	2.8
3342	18	15	19	15	18	15	16	25	 	82.94%	86	90	64	68	78.38	2.7
1334	16	12	19	17	16	18	18	30	 	85.88%	68	72	70	74	78.35	2.7
2472	19	18	17	17	19	17	20	28	 	91.18%	62	66	67	71	78.07	2.7
5587	18	15	18	18	20	20	20	29	 	92.94%	55	59	68	72	77.78	2.7
1219	20	16	17	20	18	15	17	27	 	88.24%	64	68	68	72	77.69	2.7
2754	19	17	19	17	18	15	16	28	 	87.65%	65	69	68	72	77.66	2.7
1886	18	17	18	19	17	13	18	28	 	87.06%	72	76	64	68	77.22	2.6
1848	18	19	20	18	20	17	19	28	 	93.53%	50	54	68	72	77.01	2.6
0507	17	15	18	18	11	16	16	27	 	81.18%	65	69	72	76	76.67	2.6
0637	16	10	14	15	17	15	16	29	 	77.65%	58	62	79	83	76.66	2.6
8208	20	15	16	18	19	18	20	27	 	90.00%	61	65	65	69	76.60	2.6
7574	19	20	19	18	17	15	16	28	 	89.41%	49	53	71	75	76.36	2.5
3911	20	18	19	18	19	19	20	 	 	78.24%	81	85	66	70	76.29	2.5
5936	18	14	15	19	15	17	18	10	 	74.12%	71	75	75	79	76.25	2.5
0926	18	14	18	18	12	19	18	26	 	84.12%	57	61	72	76	76.25	2.5
2711	18	15	19	20	18	18	17	28	 	90.00%	78	82	55	59	76.00	2.5
8242	20	13	18	20	20	16	18	24	 	87.65%	60	64	65	69	75.46	2.4
2096	19	16	14	18	16	19	17	27	 	85.88%	63	67	65	69	75.35	2.4
7831	19	4	17	16	14	17	20	27	 	78.82%	49	53	79	83	75.33	2.4
7835	13	13	14	14	19	14	17	28	 	77.65%	67	71	71	75	75.26	2.4
1881	18	9	15	 	18	20	18	28	 	74.12%	77	81	69	73	75.05	2.4
4765	20	13	18	19	19	16	18	25	 	87.06%	63	67	63	67	75.02	2.4
6497	19	16	19	19	16	15	18	22	 	84.71%	75	79	59	63	74.88	2.4
3525	19	13	18	19	20	15	19	26	 	87.65%	55	59	66	70	74.86	2.4
3996	18	8	13	13	14	4	16	16	 	60.00%	82	86	79	83	74.40	2.3
1855	13	18	4	15	18	15	20	27	 	76.47%	75	79	66	70	74.39	2.3
8242	18	19	17	17	20	14	12	26	 	84.12%	67	71	62	66	74.25	2.3
3283	20	14	11	15	17	16	15	26	 	78.82%	64	68	68	72	73.93	2.3
4865	16	17	17	19	14	13	17	26	 	81.76%	64	68	65	69	73.91	2.3
4870	20	16	14	19	17	19	20	30	 	91.18%	57	61	59	63	73.87	2.3
6427	19	10	17	20	18	10	 	27	 	71.18%	71	75	72	76	73.87	2.3
0101	18	20	16	20	20	13	20	16	 	84.12%	55	59	65	69	73.05	2.2
1044	10	13	5	17	15	11	19	24	 	67.06%	67	71	76	80	73.02	2.2
6791	9	15	13	17	13	17	14	14	 	65.88%	85	89	68	72	72.95	2.2
2766	16	13	17	16	19	18	17	27	 	84.12%	82	86	51	55	72.85	2.2
0634	17	15	11	15	11	13	16	22	 	70.59%	62	66	74	78	72.64	2.2
6566	20	13	13	17	16	15	20	27	 	82.94%	62	66	61	65	72.38	2.1
8299	18	13	13	18	14	19	19	29	 	84.12%	53	57	64	68	72.25	2.1
0537	17	19	15	17	18	14	19	29	 	87.06%	51	55	62	66	72.22	2.1
3761	19	12	15	13	16	11	17	28	 	77.06%	69	73	63	67	72.22	2.1
0557	18	18	16	10	11	5	14	23	 	67.65%	73	77	70	74	72.06	2.1
5833	18	12	10	 	20	9	17	26	 	65.88%	70	74	73	77	71.95	2.1
7309	20	15	19	19	19	19	20	26	 	92.35%	54	58	54	58	71.74	2.1
7442	20	18	12	19	19	18	19	29	 	90.59%	67	71	49	53	71.64	2.1
8597	19	17	18	16	19	18	12	 	 	70.00%	68	72	69	73	71.60	2.1
8686	19	4	16	18	13	13	15	 	 	57.65%	87	91	71	75	71.26	2
6841	15	18	17	17	17	13	 	 	 	57.06%	82	86	74	78	71.22	2
9533	18	12	13	15	15	16	16	20	 	73.53%	63	67	67	71	71.21	2
2604	17	13	13	15	19	15	19	21	 	77.65%	64	68	62	66	71.06	2
0678	19	15	16	15	16	15	20	28	 	84.71%	53	57	58	62	70.08	1.9
8315	19	18	19	19	16	19	19	26	 	91.18%	61	65	47	51	69.87	1.9
2114	19	16	10	15	18	16	12	28	 	78.82%	47	51	66	70	69.73	1.9
0922	19	17	12	18	19	19	18	27	 	87.65%	55	59	53	57	69.66	1.9
7447	12	15	17	10	14	9	15	17	 	64.12%	75	79	66	70	69.45	1.8
2742	19	13	17	 	 	18	 	 	 	39.41%	95	99	80	84	69.16	1.8
5879	19	13	18	18	15	15	17	7	 	71.76%	55	59	67	71	68.91	1.8
5125	19	12	6	12	12	13	8	16	 	57.65%	78	82	68	72	68.26	1.7
9571	18	18	17	9	18	13	17	22	 	77.65%	51	55	61	65	68.06	1.7
6526	19	18	18	17	16	17	19	 	 	72.94%	49	53	66	70	67.78	1.7
6966	19	18	8	18	16	14	20	27	 	82.35%	30	34	65	69	67.34	1.6
0423	19	11	17	17	18	15	18	24	 	81.76%	57	61	52	56	67.31	1.6
1881	8	11	18	20	15	11	18	23	 	72.94%	38	42	70	74	67.18	1.6
9805	18	18	16	17	13	15	18	29	 	84.71%	44	48	55	59	67.08	1.6
6180	16	15	17	14	 	13	18	25	 	69.41%	58	62	63	67	66.96	1.6
1861	6	17	18	17	15	20	18	27	 	81.18%	42	46	59	63	66.87	1.6
8181	13	11	16	16	13	12	15	16	 	65.88%	54	58	68	72	66.75	1.6
2271	17	14	14	19	17	12	11	11	 	67.65%	60	64	63	67	66.66	1.6
9553	19	11	16	17	15	17	8	16	 	70.00%	59	63	61	65	66.60	1.6
5000	19	12	12	17	13	13	10	26	 	71.76%	67	71	53	57	65.71	1.5
1723	19	16	14	17	18	16	19	26	 	85.29%	43	47	51	55	65.52	1.5
3035	19	12	13	15	11	6	17	21	 	67.06%	56	60	60	64	64.42	1.3
0650	18	12	12	14	14	14	20	24	 	75.29%	41	45	59	63	64.32	1.3
0159	16	16	16	16	2	6	12	21	 	61.76%	52	56	67	71	64.31	1.3
3149	16	12	17	20	18	14	13	27	 	80.59%	43	47	51	55	63.64	1.3
6770	17	17	12	15	12	17	14	12	 	68.24%	59	63	55	59	63.49	1.2
6505	12	14	17	16	16	10	16	9	 	64.71%	46	50	65	69	63.48	1.2
3564	17	10	12	14	11	7	7	20	 	57.65%	55	59	67	71	63.26	1.2
2105	19	17	4	7	13	6	 	13	 	46.47%	69	73	71	75	63.19	1.2
3786	8	17	12	16	17	 	12	 	 	48.24%	62	66	72	76	62.89	1.2
7556	19	12	4	10	 	11	18	22	 	56.47%	64	68	62	66	62.59	1.2
9439	19	13	14	10	8	5	13	19	 	59.41%	53	57	62	66	61.56	1.1
2251	19	15	19	18	20	18	13	16	 	81.18%	48	52	39	43	60.07	0.9
7245	19	14	16	14	4	0	 	 	 	39.41%	77	81	57	61	56.36	0.8
0653	16	16	16	16	17	5	 	8	 	55.29%	49	53	53	57	55.52	0.7
0754	6	16	11	18	 	4	6	2	 	37.06%	55	59	68	72	55.42	0.7
1894	16	18	18	16	14	13	17	 	 	65.88%	34	38	49	53	55.15	0.7
1885	11	17	17	18	17	11	17	7	 	67.65%	48	52	35	39	53.06	0
5522	19	 	10	3	20	 	 	 	 	30.59%	54	58	68	72	52.64	0
0291	19	17	14	18	14	14	14	29	 	81.76%	20	24	31	35	51.51	0
3134	14	10	0	13	11	13	15	5	 	47.65%	46	50	41	45	47.06	0
4979	13	3	8	16	6	13	5	4	 	40.00%	49	53	41	45	44.60	0
3133	19	19	 	 	 	 	 	 	 	22.35%	48	52	55	59	42.94	0
6512	7	 	3	15	13	10	10	26	 	49.41%	32	36	35	39	42.56	0
6203	 	12	10	5	 	 	 	0	 	15.88%	68	72	49	53	41.95	0
0502	 	 	5	 	 	 	 	 	 	2.94%	68	72	48	52	36.38	0
5295	20	17	17	15	19	18	 	 	 	62.35%	46	50	 	 	34.94	0
3126	16	16	13	 	 	 	 	 	 	26.47%	43	47	29	33	33.19	0
6075	10	15	0	 	 	5	 	 	 	17.65%	52	56	31	35	32.26	0
7385	19	17	10	17	 	 	 	 	 	37.06%	39	43	13	17	30.22	0
1868	20	18	18	11	5	 	 	 	 	42.35%	55	59	 	 	28.74	0
9490	10	14	15	13	17	13	 	 	 	48.24%	39	43	 	 	27.89	0
2508	19	12	14	 	 	 	 	 	 	26.47%	53	57	 	 	21.99	0
1823	16	13	13	8	6	 	 	 	 	32.94%	36	40	 	 	21.18	0
9359	8	 	11	12	 	 	 	 	 	18.24%	55	59	 	 	19.09	0
3042	8	6	 	 	 	 	 	 	 	8.24%	61	65	 	 	16.29	0
1666	17	16	16	16	 	 	 	 	 	38.24%	 	 	 	 	15.29	0
0560	6	7	4	 	 	 	 	 	 	10.00%	31	35	 	 	11.00	0
2693	0	 	 	 	 	 	 	 	 	0.00%	 	 	 	 	0.00	0
1938	 	 	 	 	 	 	 	 	 	0.00%	 	 	 	 	0.00	0
0697	 	 	 	 	 	 	 	 	 	0.00%	 	 	 	 	0.00	0

mean	17.7	15.8	16.0	17.3	17.0	15.6	17.6	25.3	1.7	78.01%	71.9	75.9	71.0	75.0	74.54	2.5
median	19	17	17	18	18	17	18	27	2	85.88%	73	77	71	75	79.15	2.8