code	assign1	assign2	assign3	assign4	assign5	assign6	assign7	assign8	Late_Days	section	explore	weekly %	midterm	final	which final	adjusted final	total	grade	lab1	lab2	lab3	lab4	lab5	lab6	lab7	lab8	lab9	lab10	lab total	lab grade
6	8	15	18	16	15	15	18	19	2	18	0.00	85.54%	97	96	B	96	92.02	3.6
19	8	10	 	 	11	 	12	7	5	15	0.00	37.95%	63	60	A	63	52.98	0.0
40	6	15	14	17	20	17	18	20	3	20	0.00	88.55%	81	91	B	91	88.02	3.3	1	1	1	1	1	1	1	1	1	1	10	CR
70	6	15	19	17	19	18	20	18	0	20	0.00	91.57%	101	95	B	95	94.83	3.9	1	1	 	1	1	1	1	1	 	1	8	CR
70	9	13	20	17	16	18	19	17	2	20	0.33	89.96%	90	93	B	93	91.18	3.5
70	8	14	16	17	15	18	16	17	1	20	0.00	84.94%	86	65	A	68	78.38	2.4
137	10	16	17	18	20	20	19	20	2	20	2.00	97.59%	95	96	A	99	97.64	4	 	1	1	1	1	1	1	1	1	1	9	CR
137	10	16	20	19	19	19	20	21	4	20	0.00	98.80%	88	96	A	99	96.72	4
155	10	16	19	19	18	14	18	12	5	15	0.00	84.94%	61	70	A	73	75.38	2.2
164	8	15	19	16	19	19	19	16	0	20	0.00	90.96%	73	77	B	77	81.79	2.7
178	5	15	14	18	14	16	18	17	3	20	0.00	82.53%	62	28	A	31	57.81	0.0	 	 	1	1	1	1	1	1	1	1	8	CR
247	9	16	18	14	17	11	17	16	1	20	0.00	83.13%	80	73	A	76	79.65	2.6
279	9	15	18	18	19	19	18	17	0	20	0.00	92.17%	99	86	B	86	91.07	3.5	1	 	1	1	1	1	1	1	1	 	8	CR
285	9	15	18	13	14	14	15	18	3	20	0.00	81.93%	89	67	B	67	77.37	2.4
287	10	15	18	16	18	17	19	19	4	20	0.00	91.57%	95	88	A	91	92.03	3.6
316	9	15	13	17	15	 	 	 	4	15	0.00	50.60%	66	61	A	64	59.04	0.7	 	1	1	1	1	 	 	1	1	1	7	NC
344	9	15	14	16	18	17	17	19	1	20	0.00	87.35%	93	93	A	96	91.94	3.6
350	8	15	17	17	18	18	20	20	2	20	0.00	92.17%	91	81	B	81	87.47	3.2
351	10	16	20	18	18	18	18	15	4	20	0.00	92.17%	93	82	A	85	89.47	3.4
374	9	15	19	19	18	15	19	18	1	20	2.33	92.97%	77	75	B	75	82.59	2.8	1	1	1	1	1	1	1	1	1	1	10	CR
377	10	16	18	16	18	19	20	20	4	20	0.00	94.58%	92	98	B	98	95.43	3.9
431	10	15	20	18	19	20	20	21	0	20	0.33	98.39%	101	97	A	100	99.56	4	1	1	1	1	1	1	1	1	1	1	10	CR
441	8	15	16	17	15	15	18	16	4	20	0.00	84.34%	94	82	B	82	85.33	3.1
450	7	14	16	15	 	 	 	 	1	18	0.00	42.17%	42	28	A	31	37.67	0.0
496	9	15	18	16	16	17	20	19	4	20	0.00	90.36%	85	80	A	83	86.34	3.1
502	7	12	18	17	16	17	18	14	1	20	1.00	84.34%	92	73	B	73	81.33	2.7	1	1	1	1	1	1	1	1	1	1	10	CR
523	8	15	12	15	16	19	19	20	2	20	0.00	86.75%	90	86	B	86	87.10	3.2
529	9	16	20	18	18	15	18	13	3	20	0.00	88.55%	92	83	A	86	88.22	3.3
530	7	9	15	16	14	17	18	14	1	20	1.33	79.12%	86	63	A	66	75.25	2.2	1	 	1	1	1	1	1	1	1	1	9	CR
553	9	14	20	18	17	17	17	15	5	20	2.00	89.76%	88	68	A	71	81.90	2.8	1	1	1	 	1	1	1	 	1	1	8	CR
555	 	 	 	 	 	 	 	 	0	0	0.00	0.00%	 	 	 	 	0.00	0.0
556	8	14	18	14	10	15	16	13	5	20	0.00	77.11%	75	40	A	43	63.04	1.1
577	6	15	19	12	8	16	16	17	5	12	0.00	72.89%	51	32	A	35	53.36	0.0
587	7	16	14	18	17	12	18	18	4	20	1.00	84.94%	82	79	A	82	83.18	2.9	1	1	1	1	1	1	1	1	1	1	10	CR
589	9	15	19	19	18	19	20	17	5	20	0.00	93.98%	73	78	B	78	83.39	2.9
606	9	14	19	16	19	16	19	17	1	20	0.00	89.76%	92	95	A	98	93.50	3.7
607	8	15	20	18	19	18	19	18	3	20	0.00	93.37%	97	96	A	99	96.35	3.9	1	1	1	1	1	1	1	1	1	1	10	CR
639	6	14	18	18	17	17	16	15	5	20	0.00	84.94%	73	59	A	62	73.38	2.0
646	10	14	16	16	18	16	11	13	5	20	0.00	80.72%	85	69	B	69	76.89	2.3	1	1	1	1	 	1	1	1	1	1	9	CR
646	7	15	18	17	17	12	18	13	3	20	0.00	82.53%	68	33	B	33	59.81	0.8	1	1	1	1	1	1	1	 	 	 	7	NC
668	10	15	19	18	19	18	18	20	3	20	0.00	94.58%	78	81	A	84	87.03	3.2
670	9	15	18	19	17	18	16	21	5	20	0.00	92.17%	86	76	A	79	85.67	3.1	1	1	1	1	 	1	1	1	 	1	8	CR
704	10	16	20	16	19	19	18	19	0	20	0.00	94.58%	95	91	A	94	94.43	3.9
750	9	16	20	18	18	14	17	19	3	20	0.00	90.96%	91	96	A	99	94.19	3.8	1	1	1	1	1	1	1	1	1	1	10	CR
755	7	16	17	16	18	15	14	15	5	20	0.00	83.13%	75	78	B	78	79.45	2.5	1	1	1	1	1	1	1	1	 	1	9	CR
757	9	14	19	18	18	18	15	17	4	20	0.00	89.16%	87	90	A	93	90.26	3.5	1	1	1	1	1	1	1	1	1	 	9	CR
772	10	15	19	17	18	17	18	20	3	20	0.00	92.77%	90	66	A	69	82.71	2.8	1	1	1	1	1	1	1	1	1	1	10	CR
790	9	15	9	15	16	15	17	19	5	20	0.00	81.33%	77	69	A	72	76.73	2.3	1	1	 	1	1	1	1	1	1	1	9	CR
809	10	15	18	19	19	13	16	19	5	20	0.00	89.76%	92	72	B	72	83.10	2.9
812	9	16	19	15	18	19	17	16	0	20	0.00	89.76%	87	73	A	76	83.70	2.9	1	1	1	1	1	1	 	1	1	1	9	CR
822	9	15	19	17	16	4	15	18	4	12	0.00	75.30%	53	41	B	41	57.12	0.0
822	9	15	 	 	 	 	 	 	1	12	0.00	21.69%	 	 	 	 	8.67	0.0
826	9	15	19	17	17	17	16	19	2	20	0.00	89.76%	99	73	B	73	84.90	3.0
840	10	16	17	17	16	16	17	18	1	20	0.00	88.55%	83	97	B	97	90.82	3.5
843	9	14	13	17	14	13	 	13	5	18	0.00	66.87%	80	28	A	31	55.15	0.0
857	7	15	18	16	15	18	19	17	2	20	0.00	87.35%	94	95	A	98	92.94	3.7
858	9	16	19	19	18	18	17	20	5	20	1.00	94.58%	80	65	A	68	81.03	2.7	1	1	1	1	1	 	1	1	 	1	8	CR
891	8	14	18	7	17	18	17	14	5	20	0.00	80.12%	86	88	A	91	85.65	3.1
897	10	15	20	18	18	 	16	18	0	20	0.00	81.33%	76	40	A	43	64.93	1.3
909	7	14	19	18	19	15	14	18	5	20	0.00	86.75%	73	61	B	61	73.70	2.0
941	8	16	17	16	14	3	3	19	5	20	0.00	69.88%	82	56	B	56	66.75	1.4
957	9	15	19	18	18	16	20	20	0	20	0.67	93.78%	92	90	B	90	91.91	3.6	1	1	1	1	1	1	1	1	1	1	10	CR
963	9	15	18	16	17	 	16	12	5	0	0.00	62.05%	61	40	B	40	53.02	0.0
1029	9	16	20	18	18	19	18	19	5	20	0.00	94.58%	74	87	A	90	88.63	3.3
1043	8	15	19	15	18	18	18	18	3	20	0.00	89.76%	95	93	A	96	93.30	3.7	1	1	1	 	1	1	1	1	1	 	8	CR
1056	10	13	20	17	19	16	18	14	1	20	0.00	88.55%	87	87	B	87	87.62	3.3
1102	8	15	15	17	12	 	 	 	0	15	0.00	49.40%	82	42	A	45	54.16	0.0	1	1	1	1	1	 	1	 	1	 	7	NC
1134	9	15	19	16	19	19	17	17	3	20	0.00	90.96%	90	74	A	77	85.19	3.0
1140	9	15	19	9	14	 	13	15	2	20	0.00	68.67%	93	79	A	82	78.87	2.5	1	1	1	1	1	 	1	1	1	1	9	CR
1179	9	16	20	17	19	18	20	21	2	20	0.00	96.39%	89	94	B	94	93.95	3.8
1181	8	16	20	16	16	15	18	16	2	20	0.00	87.35%	90	94	B	94	90.54	3.5
1242	10	16	18	17	16	16	17	19	2	20	0.00	89.76%	92	73	A	76	84.70	3.0
1243	10	15	17	16	16	 	13	14	5	20	0.00	72.89%	79	62	A	65	70.96	1.8	 	1	1	1	1	1	1	1	1	1	9	CR
1245	9	16	20	19	20	20	19	20	0	20	1.33	99.00%	100	88	A	91	96.00	3.9
1315	9	16	19	16	13	10	 	 	5	12	0.00	57.23%	72	66	B	66	63.69	1.2	 	1	 	1	1	1	1	1	1	1	8	CR
1317	7	13	19	17	15	15	16	17	3	20	0.00	83.73%	90	72	A	75	81.49	2.7	1	1	1	1	1	1	1	1	1	1	10	CR
1323	9	15	12	16	14	12	19	18	1	20	0.00	81.33%	93	90	A	93	88.33	3.3	1	1	1	1	1	 	1	1	1	1	9	CR
1362	9	15	17	18	17	19	19	19	4	20	0.00	92.17%	90	92	B	92	91.67	3.5	1	1	1	1	1	1	1	1	1	1	10	CR
1374	9	14	17	16	13	16	17	19	1	20	0.00	84.94%	92	99	A	101	92.78	3.6
1386	9	15	17	16	15	17	18	18	0	20	0.00	87.35%	86	67	B	67	78.94	2.5
1397	10	16	20	16	18	17	18	19	0	20	0.00	92.77%	96	91	A	94	93.91	3.8	1	1	1	1	1	1	1	1	1	 	9	CR
1418	9	15	20	16	18	18	17	20	3	20	0.00	92.17%	88	85	A	88	89.67	3.4
1442	8	 	19	18	19	20	20	19	4	20	0.00	86.14%	85	77	A	80	83.46	2.9
1506	6	16	17	14	15	13	14	12	5	20	0.00	76.51%	68	69	A	72	73.00	2.0	1	1	 	1	1	1	1	1	1	1	9	CR
1512	9	15	18	20	15	13	18	18	3	20	0.00	87.95%	87	94	A	97	91.38	3.5	1	1	1	1	1	1	1	1	1	 	9	CR
1517	9	16	19	15	18	20	17	15	5	20	0.00	89.76%	83	93	A	96	90.90	3.5	 	1	1	1	 	1	1	1	1	1	8	CR
1522	10	16	18	17	15	18	18	15	5	20	0.00	88.55%	78	52	B	52	71.82	1.9
1528	6	15	17	17	15	 	 	14	3	18	0.00	61.45%	59	34	A	37	51.18	0.0
1542	9	16	19	17	18	14	15	15	5	20	0.33	86.35%	64	79	A	82	80.14	2.6
1548	9	16	16	19	18	12	12	17	5	20	0.00	83.73%	90	89	A	92	88.29	3.3	1	1	1	1	1	1	1	1	1	1	10	CR
1549	10	16	20	16	17	17	16	18	4	20	0.00	90.36%	78	85	B	85	85.74	3.1
1553	10	15	13	18	19	13	16	17	3	20	0.00	84.94%	82	84	B	84	83.98	2.9	1	1	1	1	1	1	1	1	1	 	9	CR
1572	9	14	19	20	18	17	20	20	4	20	0.00	94.58%	85	95	B	95	92.83	3.7
1588	6	14	13	14	16	11	9	12	5	20	0.00	69.28%	72	44	B	44	59.71	0.8
1596	10	16	18	17	19	17	17	19	3	20	0.00	92.17%	94	90	A	93	92.87	3.7
1597	8	15	11	10	13	 	11	14	5	20	0.00	61.45%	70	43	A	46	56.98	0.0	1	1	1	1	1	1	1	1	1	1	10	CR
1611	8	16	20	15	12	17	20	18	1	20	0.00	87.95%	91	92	A	95	91.38	3.5	1	1	1	1	1	1	1	1	1	1	10	CR
1616	10	14	16	17	17	16	15	18	2	20	0.00	86.14%	62	69	A	72	75.66	2.2	1	1	1	1	1	 	1	1	1	 	8	CR
1617	9	16	20	18	18	16	19	20	0	20	0.00	93.98%	83	92	B	92	90.99	3.5
1645	9	16	20	18	20	15	16	16	5	20	0.00	90.36%	79	76	A	79	83.54	2.9	 	1	1	1	1	1	 	1	1	1	8	CR
1664	8	15	20	16	15	18	19	16	5	20	1.00	89.16%	58	49	B	49	66.86	1.4
1665	10	15	20	19	18	19	19	21	2	20	0.00	96.99%	91	95	B	95	95.00	3.9	 	1	1	1	1	1	1	1	1	1	9	CR
1688	8	15	18	18	20	16	19	20	4	20	1.00	93.37%	92	90	B	90	91.75	3.5	1	1	1	1	1	1	1	1	1	1	10	CR
1692	8	15	17	15	14	11	15	15	0	20	0.00	78.31%	64	64	A	67	70.93	1.8
1692	9	15	 	 	 	 	 	 	0	20	0.00	26.51%	66	 	 	 	23.80	0.0
1693	9	15	15	14	12	19	19	18	0	20	0.00	84.94%	92	85	B	85	86.38	3.1	1	1	1	1	1	1	1	1	1	1	10	CR
1720	10	15	16	17	16	16	19	19	5	20	0.00	89.16%	82	77	B	77	82.86	2.8
1733	10	16	20	20	19	20	19	20	2	20	0.00	98.80%	99	86	B	86	93.72	3.8
1736	10	16	20	19	16	19	19	21	2	20	0.00	96.39%	98	92	B	92	94.95	3.9
1751	10	16	19	17	15	15	14	14	5	20	0.00	84.34%	52	35	A	38	59.33	0.8
1756	9	14	14	17	16	19	18	14	0	20	0.00	84.94%	80	78	B	78	81.18	2.7	1	1	1	1	1	1	1	1	1	1	10	CR
1788	10	16	20	18	19	16	20	21	3	20	0.00	96.39%	101	100	B	100	98.75	4	1	1	1	1	1	1	1	1	1	1	10	CR
1791	8	16	18	17	18	17	17	16	1	20	0.00	88.55%	90	84	A	87	88.22	3.3	1	1	1	1	1	1	1	1	1	1	10	CR
1792	8	15	20	17	16	11	14	14	5	6	0.00	72.89%	95	81	A	84	81.76	2.7	 	1	1	1	1	1	 	1	1	1	8	CR
1807	9	16	20	18	16	 	16	17	1	20	0.00	79.52%	80	89	A	92	84.61	3.0
1838	8	15	19	20	12	16	19	4	5	20	1.67	81.12%	65	51	B	51	65.85	1.3	 	1	1	1	1	1	1	1	1	1	9	CR
1850	0	16	19	16	18	19	19	19	0	20	0.00	87.95%	88	94	B	94	90.38	3.5
1851	10	16	20	19	20	18	18	20	3	20	0.33	97.19%	99	98	A	101	99.08	4
1851	9	16	19	18	19	16	19	18	1	20	0.00	92.77%	94	96	B	96	94.31	3.8	1	1	1	1	1	1	1	1	1	 	9	CR
1854	10	14	20	17	18	19	18	17	4	20	0.00	92.17%	93	80	A	83	88.67	3.3
1855	6	14	16	18	17	14	14	13	3	20	0.00	79.52%	84	96	B	96	87.01	3.2	1	1	1	1	1	 	1	1	 	1	8	CR
1888	10	16	19	18	19	20	19	18	0	20	3.33	97.79%	94	94	B	94	95.52	3.9	1	1	1	1	1	1	1	1	1	1	10	CR
1904	9	16	19	16	18	17	17	16	1	20	0.00	89.16%	86	81	A	84	86.46	3.1
1919	10	15	20	20	19	20	18	20	0	20	0.00	97.59%	91	80	A	83	90.44	3.5
1920	7	16	17	19	18	18	20	20	1	20	1.67	94.38%	79	92	A	95	91.55	3.5
1939	10	16	20	17	20	18	20	20	4	20	0.00	96.99%	87	86	A	89	91.80	3.5
1940	9	16	18	18	18	10	18	17	3	20	0.00	86.75%	66	37	B	37	62.70	1.1	1	1	1	1	1	1	1	 	1	1	9	CR
1946	8	10	11	14	11	5	10	12	5	20	0.00	60.84%	77	59	A	62	64.54	1.2	1	1	1	1	1	1	1	1	1	1	10	CR
1976	10	16	20	18	19	19	19	19	3	20	1.00	96.99%	76	65	B	65	80.00	2.6	1	1	1	1	1	1	1	1	1	1	10	CR
1986	8	15	16	20	20	19	19	20	5	20	0.33	94.78%	67	63	A	66	77.71	2.4	1	1	1	1	1	1	 	1	1	1	9	CR
2041	7	9	11	11	9	5	10	9	5	20	0.00	54.82%	87	67	A	70	67.33	1.5
2061	9	16	20	18	18	17	19	20	0	20	0.00	94.58%	94	90	A	93	93.83	3.8
2066	9	15	19	19	18	19	18	18	5	20	0.00	93.37%	87	92	B	92	91.55	3.5	1	1	1	1	1	1	1	1	 	1	9	CR
2092	8	15	15	16	18	17	17	14	5	20	0.00	84.34%	47	44	A	47	61.93	1.0
2099	9	16	19	18	20	17	20	18	2	20	0.00	94.58%	93	83	B	83	89.63	3.4
2105	9	14	16	16	15	12	13	18	1	20	0.00	80.12%	72	66	A	69	74.05	2.1
2110	8	16	18	14	17	16	14	18	0	20	0.00	84.94%	79	80	A	83	82.98	2.8
2113	10	16	17	19	19	19	17	15	5	20	0.00	91.57%	84	77	A	80	85.43	3.1	1	1	 	1	1	1	1	1	1	1	9	CR
2114	9	13	16	14	15	15	14	7	4	20	0.00	74.10%	85	64	A	67	73.44	2.0	 	1	1	1	1	1	1	1	 	1	8	CR
2116	9	15	20	17	17	15	17	19	2	20	0.00	89.76%	95	86	B	86	89.30	3.4
2156	9	15	20	18	15	18	20	18	4	20	0.33	92.37%	82	85	B	85	87.35	3.2	 	1	1	1	1	1	1	1	 	1	8	CR
2164	9	14	19	17	19	14	17	17	2	20	0.00	87.95%	93	81	A	84	87.38	3.2	1	1	 	1	1	1	1	 	1	 	7	NC
2194	9	15	20	19	17	18	17	20	0	20	0.00	93.37%	95	99	B	99	95.95	3.9
2196	10	15	20	17	17	18	19	20	3	20	0.00	93.98%	94	92	B	92	93.19	3.7
2197	9	15	19	18	18	14	17	17	5	20	0.00	88.55%	81	72	A	75	81.62	2.7	1	1	1	1	1	1	1	 	1	1	9	CR
2198	9	13	20	16	14	11	17	18	2	20	0.00	83.13%	66	78	A	81	78.85	2.5
2199	7	 	17	17	15	14	16	18	2	9	0.00	68.07%	77	85	B	85	76.63	2.3
2201	10	16	20	20	20	20	20	17	0	20	0.33	98.39%	99	89	A	92	95.96	3.9
2203	8	15	 	17	15	16	18	13	4	20	0.00	73.49%	71	78	B	78	74.80	2.1	1	1	1	1	1	1	1	1	1	1	10	CR
2207	6	13	20	16	16	15	13	16	5	20	0.00	81.33%	96	95	A	98	90.93	3.5	1	1	1	1	1	1	1	1	1	1	10	CR
2208	8	15	20	17	18	17	16	17	5	20	0.00	89.16%	69	79	A	82	82.26	2.8	1	1	1	1	1	1	1	1	1	1	10	CR
2230	10	13	18	19	20	17	19	20	4	20	0.00	93.98%	87	85	B	85	88.99	3.4	1	1	1	1	1	1	1	1	1	1	10	CR
2243	7	16	17	13	12	16	13	16	4	20	0.00	78.31%	87	59	A	62	73.53	2.0	1	1	1	1	1	1	 	1	 	1	8	CR
2261	8	13	20	15	16	14	14	9	5	20	0.00	77.71%	78	75	B	75	76.68	2.3
2264	8	15	17	15	17	19	13	17	4	20	0.00	84.94%	84	84	A	87	85.58	3.1	1	1	1	1	1	1	1	1	1	 	9	CR
2273	9	16	17	17	16	18	19	18	0	20	0.00	90.36%	87	85	A	88	88.74	3.3	1	1	1	1	1	1	1	1	1	1	10	CR
2288	7	16	16	14	14	12	14	18	5	20	0.00	78.92%	81	74	B	74	77.37	2.4	1	1	1	1	1	1	1	1	 	1	9	CR
2300	9	13	18	18	14	15	18	18	1	20	0.00	86.14%	84	91	B	91	87.66	3.3	1	1	1	1	1	1	1	1	1	1	10	CR
2316	10	15	20	16	19	11	10	17	5	20	0.00	83.13%	72	56	A	59	71.25	1.8
2330	9	15	19	13	18	18	16	16	5	20	0.00	86.75%	92	76	B	76	83.50	2.9
2335	7	12	16	12	19	11	16	18	4	20	0.00	78.92%	58	65	A	68	70.37	1.7	1	1	1	1	1	1	1	1	 	1	9	CR
2359	10	16	20	18	20	17	18	20	3	20	0.00	95.78%	93	74	B	74	86.51	3.2	 	1	1	1	1	1	1	1	1	1	9	CR
2383	10	16	19	17	17	13	16	14	5	20	0.00	85.54%	69	64	B	64	73.62	2.0
2394	10	16	20	19	18	18	16	20	0	20	0.00	94.58%	101	93	B	93	95.23	3.9
2397	6	15	19	16	15	16	18	19	1	20	0.00	86.75%	85	67	A	70	79.70	2.6	1	1	1	1	1	1	1	1	1	1	10	CR
2418	9	15	19	20	19	19	17	17	0	20	0.00	93.37%	93	94	B	94	93.55	3.7
2425	 	9	7	14	10	 	 	 	0	9	0.00	29.52%	58	25	A	28	34.61	0.0
2431	7	16	19	19	19	16	18	18	4	20	0.00	91.57%	67	69	A	72	78.83	2.5
2439	10	15	20	18	16	8	17	16	5	20	0.00	84.34%	69	58	B	58	70.73	1.8
2445	9	15	16	17	15	17	18	19	5	20	0.00	87.95%	79	83	B	83	84.18	2.9	1	 	1	1	1	1	1	1	1	1	9	CR
2446	10	16	12	17	12	9	15	7	5	20	0.00	71.08%	72	56	A	59	66.43	1.4	1	1	1	1	1	1	1	1	1	 	9	CR
2456	10	15	17	18	20	17	16	16	5	20	0.00	89.76%	88	70	B	70	81.50	2.7
2456	 	 	 	 	 	 	 	 	0	0	0.00	0.00%	 	 	 	 	0.00	0.0
2473	8	14	18	17	17	19	18	18	5	20	0.00	89.76%	72	51	A	54	71.90	1.9	 	1	1	1	1	1	1	1	1	 	8	CR
2475	8	 	 	 	 	 	 	 	0	0	0.00	4.82%	 	 	 	 	1.93	0.0
2489	9	16	20	19	18	17	17	13	5	20	0.00	89.76%	72	67	A	70	78.30	2.4	1	1	1	1	1	1	1	1	1	1	10	CR
2506	8	14	17	11	17	7	11	12	5	12	0.00	65.66%	78	75	B	75	71.87	1.9
2523	8	 	 	 	 	 	 	 	0	9	0.00	10.24%	51	 	 	 	14.30	0.0	1	1	1	1	 	1	 	1	1	1	8	CR
2530	10	16	20	17	18	18	20	21	5	20	0.00	96.39%	86	93	B	93	92.95	3.7	1	1	1	1	1	1	1	 	1	1	9	CR
2594	9	14	20	18	19	16	19	17	5	20	2.33	92.97%	97	85	B	85	90.59	3.5	1	1	1	1	1	1	1	1	1	 	9	CR
2605	10	16	18	17	18	18	17	15	5	20	3.00	91.57%	89	70	A	73	83.63	2.9	1	1	1	1	1	1	 	1	 	1	8	CR
2607	8	16	18	16	16	 	9	13	5	18	0.00	68.67%	64	79	B	79	71.87	1.9
2607	7	15	12	12	8	6	11	11	5	6	0.00	53.01%	76	46	A	49	56.00	0.0	1	 	1	 	 	1	 	 	1	 	4	NC
2622	10	16	19	17	19	19	20	19	4	20	1.67	96.79%	100	91	A	94	96.31	3.9	1	1	1	1	 	1	1	1	1	1	9	CR
2624	10	16	20	18	20	17	19	19	2	20	0.00	95.78%	100	101	B	101	98.71	4
2625	9	16	20	18	18	17	18	16	4	20	0.67	91.97%	87	98	A	101	94.59	3.9	1	1	1	1	1	1	 	1	 	1	8	CR
2627	10	16	19	18	17	18	19	19	0	20	0.00	93.98%	77	74	A	77	83.79	2.9
2632	8	15	16	16	17	18	20	19	4	20	2.00	90.96%	77	75	A	78	82.99	2.8	1	1	1	1	1	1	1	1	1	1	10	CR
2649	9	15	20	16	17	15	15	16	5	20	0.00	86.14%	86	55	A	58	74.86	2.1
2654	9	15	20	16	18	16	20	20	0	20	0.33	92.97%	86	87	A	90	90.39	3.5	 	 	1	1	1	1	1	1	1	1	8	CR
2656	10	15	20	20	17	18	19	19	0	20	0.33	95.38%	92	89	B	89	92.15	3.6	1	1	1	1	1	1	1	1	1	 	9	CR
2660	9	15	18	17	19	14	18	17	5	20	0.33	88.76%	86	91	B	91	89.10	3.4
2666	9	14	20	18	17	19	17	19	0	20	0.00	92.17%	96	100	B	100	96.07	3.9
2675	10	16	19	17	17	18	18	18	1	20	0.00	92.17%	84	81	A	84	87.27	3.2
2683	9	16	18	17	19	19	19	17	2	20	0.00	92.77%	93	96	A	99	95.31	3.9
2691	10	15	20	19	20	20	20	19	1	20	0.00	98.19%	98	97	A	100	98.88	4
2698	10	14	20	13	16	18	20	20	0	20	0.00	90.96%	95	94	B	94	92.99	3.7	1	1	1	1	1	1	1	1	1	1	10	CR
2699	7	15	16	17	18	15	17	18	4	20	0.00	86.14%	87	87	A	90	87.86	3.3
2713	9	15	18	17	19	18	18	18	1	20	0.00	91.57%	94	93	A	96	93.83	3.8
2730	10	16	20	20	19	19	20	21	5	20	2.67	101.00%	92	100	A	101	99.20	4
2741	8	14	17	11	8	11	 	 	5	18	0.00	52.41%	54	 	 	 	31.76	0.0
2743	9	14	19	16	16	18	18	14	5	18	0.00	85.54%	69	41	A	44	65.62	1.3
2744	9	16	15	17	16	18	16	19	0	20	0.00	87.95%	90	82	A	85	87.18	3.2
2750	9	16	19	15	19	14	17	20	0	20	0.00	89.76%	81	74	A	77	82.90	2.8
2750	9	14	20	16	16	15	16	19	5	18	0.00	86.14%	75	54	B	54	71.06	1.8
2778	8	16	14	14	7	7	16	10	5	15	0.00	64.46%	90	68	A	71	72.18	1.9
2784	8	15	19	18	19	19	18	14	4	20	0.00	90.36%	87	85	B	85	87.54	3.2
2800	10	15	18	17	17	14	17	19	4	20	0.00	88.55%	78	89	A	92	87.82	3.3
2818	6	10	10	12	11	 	 	 	5	18	0.00	40.36%	62	 	 	 	28.54	0.0
2841	8	15	19	17	20	20	20	16	0	20	0.00	93.37%	93	93	B	93	93.15	3.7
2856	10	14	 	12	9	15	 	 	3	12	0.00	43.37%	71	29	B	29	43.15	0.0
2882	10	15	20	16	17	17	19	20	3	20	0.00	92.77%	87	84	A	87	89.31	3.4
2894	9	16	20	16	18	18	16	21	3	20	0.00	92.77%	83	83	A	86	88.11	3.3
2916	10	15	18	18	16	19	20	20	3	20	0.00	93.98%	100	80	A	83	90.79	3.5	1	1	 	1	1	1	1	 	1	1	8	CR
2929	9	15	18	12	12	14	13	6	5	9	0.00	65.06%	77	87	A	90	77.42	2.4
2938	10	16	20	19	17	18	20	18	3	20	0.00	95.18%	80	79	B	79	85.67	3.1
2947	10	16	20	19	16	15	19	19	5	20	2.00	93.98%	96	79	A	82	89.59	3.4
2960	10	15	18	16	16	18	18	16	1	20	0.00	88.55%	97	94	B	94	92.42	3.6
2974	9	16	19	19	18	19	18	20	0	20	0.00	95.18%	94	99	B	99	96.47	4
2987	10	16	16	15	18	15	18	19	5	20	1.67	89.56%	94	84	B	84	88.22	3.3
2988	10	16	20	19	19	12	17	17	4	20	1.67	91.37%	90	93	A	96	92.95	3.7	1	1	1	1	1	1	1	 	 	 	7	NC
3000	10	16	18	17	19	18	19	17	5	20	0.00	92.77%	93	82	B	82	88.51	3.3
3021	10	15	19	17	16	15	8	 	5	20	0.00	72.29%	64	42	B	42	58.52	0.7
3039	8	16	17	15	19	20	18	20	3	20	0.00	92.17%	68	41	B	41	66.87	1.4	1	1	1	1	1	1	 	1	1	1	9	CR
3043	10	16	19	18	15	7	18	11	5	20	0.00	80.72%	71	70	A	73	75.69	2.2
3053	9	15	20	17	17	16	19	18	5	18	0.00	89.76%	98	89	B	89	91.10	3.5
3060	6	15	14	15	17	16	15	19	4	20	0.00	82.53%	84	85	A	88	85.01	3.0
3078	9	15	20	18	19	17	16	17	5	20	0.00	90.96%	86	85	B	85	87.59	3.2	1	1	1	1	1	1	 	 	1	1	8	CR
3081	10	16	20	16	16	18	14	15	5	20	0.00	87.35%	64	54	A	57	70.54	1.8
3134	8	16	13	15	17	16	17	18	5	20	0.00	84.34%	79	56	B	56	71.93	1.9	1	1	1	1	1	1	1	1	1	1	10	CR
3153	8	15	12	14	14	16	14	9	5	18	0.00	72.29%	85	65	B	65	71.92	1.9	1	1	1	1	1	1	 	1	1	 	8	CR
3163	9	13	15	12	8	8	 	9	5	15	0.00	53.61%	38	62	A	65	55.05	0.0
3194	8	15	20	16	12	14	8	15	4	20	0.00	77.11%	66	67	B	67	70.84	1.8
3196	9	9	13	14	12	18	11	16	5	20	0.00	73.49%	89	88	A	91	83.60	2.9	1	1	1	1	1	 	1	1	1	1	9	CR
3228	9	16	15	17	20	20	20	17	0	20	2.33	94.18%	88	81	A	84	88.87	3.4	1	1	1	1	1	1	1	1	1	1	10	CR
3230	10	16	20	20	18	18	20	18	2	20	2.00	97.59%	95	89	A	92	94.84	3.9	1	1	1	1	1	1	1	1	1	1	10	CR
3232	9	15	16	16	19	20	17	18	1	20	0.00	90.36%	92	93	A	96	92.94	3.7
3255	10	15	17	19	15	13	17	18	2	20	0.00	86.75%	94	91	A	94	91.10	3.5
3255	8	14	13	16	18	15	18	15	5	20	0.00	82.53%	69	56	A	59	70.41	1.7
3291	9	16	20	17	16	15	16	17	0	18	0.00	86.75%	82	69	B	69	78.70	2.5
3297	8	16	20	18	20	20	19	18	2	20	0.00	95.78%	99	88	A	91	94.51	3.9	1	 	1	1	1	1	1	1	1	 	8	CR
3319	10	15	19	19	19	19	20	19	0	20	1.00	96.99%	96	98	A	101	98.40	4	1	1	1	1	1	1	1	1	1	1	10	CR
3324	9	15	18	18	18	17	16	18	4	20	0.00	89.76%	83	80	B	80	84.50	3.0	1	1	1	1	1	1	1	1	1	1	10	CR
3345	10	15	20	20	19	19	20	21	4	20	1.00	99.40%	77	87	B	87	89.96	3.5
3354	9	16	20	20	20	18	19	17	4	20	0.00	95.78%	99	89	A	92	94.91	3.9	 	1	1	1	1	1	1	1	1	1	9	CR
3400	8	15	20	17	20	19	19	21	3	20	0.00	95.78%	77	70	A	73	82.91	2.8	1	1	1	1	1	1	1	1	 	 	8	CR
3412	10	16	20	20	20	20	19	19	0	20	0.00	98.80%	98	101	A	101	99.52	4
3416	9	16	18	17	14	16	17	12	4	18	0.00	82.53%	85	81	B	81	82.41	2.8
3429	8	15	15	14	12	15	13	19	5	18	0.00	77.71%	89	83	B	83	82.08	2.8	 	1	 	1	1	1	1	1	1	1	8	CR
3437	10	15	19	18	17	17	19	17	4	20	0.00	91.57%	91	93	A	96	93.23	3.7
3440	6	15	19	18	18	13	13	20	0	20	0.00	85.54%	85	66	A	69	78.82	2.5
3443	7	7	9	15	16	16	14	10	3	20	0.00	68.67%	52	41	A	44	55.47	0.0
3468	10	15	18	18	19	19	18	17	0	20	1.67	93.78%	93	96	A	99	95.71	3.9
3468	9	15	20	18	19	15	19	15	3	20	1.00	90.96%	93	81	B	81	87.39	3.2	1	1	1	1	1	1	1	1	1	1	10	CR
3475	8	14	15	16	10	12	19	18	0	20	0.00	79.52%	87	78	A	81	81.61	2.7
3481	10	15	17	18	 	14	17	15	5	20	0.00	75.90%	63	74	B	74	72.56	1.9	1	1	1	1	1	 	1	1	1	1	9	CR
3487	10	16	20	19	19	19	19	17	0	20	0.67	96.18%	100	99	B	99	98.07	4
3502	10	16	20	19	19	14	17	17	5	20	0.00	91.57%	94	80	A	83	88.63	3.3
3533	8	14	19	16	9	10	13	13	5	15	0.00	70.48%	74	46	A	49	62.59	1.1
3555	9	16	18	14	18	14	8	15	5	20	0.00	79.52%	60	51	A	54	65.41	1.3
3562	8	13	7	13	9	10	11	11	5	0	0.00	49.40%	75	58	A	61	59.16	0.8
3587	10	16	19	17	16	19	19	19	4	20	0.00	93.37%	96	98	B	98	95.75	3.9
3589	9	15	16	11	13	5	12	13	5	18	0.00	67.47%	74	66	A	69	69.39	1.7
3602	9	 	16	16	9	 	 	 	0	6	0.00	33.73%	45	40	B	40	38.49	0.0	1	 	 	 	 	1	1	 	 	 	3	NC
3604	10	15	15	15	14	17	16	19	2	20	0.00	84.94%	82	64	A	67	77.18	2.3	1	1	1	1	1	1	1	 	1	1	9	CR
3614	10	12	16	 	19	 	 	 	3	3	0.00	36.14%	71	 	 	 	28.66	0.0
3616	9	16	17	17	15	17	12	19	0	20	0.00	85.54%	89	80	A	83	85.22	3.0
3621	10	16	20	19	18	18	19	17	1	20	0.00	94.58%	92	73	A	76	86.63	3.2	1	1	1	1	1	1	1	1	1	 	9	CR
3625	10	16	19	17	18	15	18	8	5	20	1.00	85.54%	87	65	A	68	78.82	2.5
3629	10	16	18	19	19	20	20	19	0	20	1.00	97.59%	100	100	A	101	99.44	4	1	1	1	1	1	1	1	1	1	1	10	CR
3634	7	13	18	17	16	14	10	12	5	18	1.67	76.31%	57	41	A	44	59.52	0.8
3642	10	16	20	19	17	16	18	21	5	20	0.00	94.58%	91	88	B	88	91.23	3.5
3647	10	15	19	17	18	18	20	18	4	20	0.00	93.37%	93	88	A	91	92.35	3.6
3672	9	15	20	16	12	19	18	18	3	20	1.33	89.36%	94	76	A	79	86.14	3.1	1	1	 	1	1	1	1	1	1	1	9	CR
3697	9	15	20	18	17	19	19	19	0	20	0.00	93.98%	94	89	A	92	93.19	3.7
3701	9	15	20	18	 	16	16	19	1	20	0.67	80.52%	99	90	B	90	88.01	3.3
3704	10	16	16	16	17	15	17	21	1	20	0.00	89.16%	89	90	A	93	90.66	3.5	1	1	1	1	1	1	1	1	1	 	9	CR
3705	10	15	15	17	18	17	16	17	4	20	0.00	87.35%	75	51	A	54	71.54	1.8	1	1	1	1	1	1	1	1	1	 	9	CR
3727	6	15	20	19	20	16	17	17	3	20	0.00	90.36%	96	90	A	93	92.54	3.6
3728	10	16	18	17	19	19	16	15	5	20	0.67	90.76%	95	92	B	92	92.11	3.6
3731	10	16	19	19	19	19	20	21	1	20	0.00	98.19%	85	87	A	90	92.28	3.6
3740	9	14	19	15	16	12	15	18	3	20	0.00	83.13%	69	53	B	53	68.25	1.6	1	1	1	 	1	1	1	1	1	1	9	CR
3741	9	16	20	19	17	19	16	19	3	12	0.00	88.55%	94	87	B	87	89.02	3.4
3744	7	14	19	12	12	9	14	15	1	20	0.00	73.49%	81	75	B	75	75.60	2.2
3751	10	14	17	16	16	16	19	 	3	20	3.00	78.92%	86	65	B	65	74.77	2.1	 	 	1	 	 	 	 	1	 	 	2	NC
3755	6	16	18	15	17	 	16	 	2	20	0.00	65.06%	75	25	A	28	52.22	0.0
3763	9	16	20	18	15	16	16	15	0	20	0.00	87.35%	68	79	A	82	81.34	2.7
3770	10	14	20	16	16	17	16	21	1	20	0.00	90.36%	82	62	A	65	78.54	2.5
3787	7	14	19	14	17	13	16	19	1	20	0.00	83.73%	90	67	A	70	79.49	2.5
3812	10	15	19	19	20	17	20	20	5	20	0.00	96.39%	81	70	A	73	83.95	2.9
3847	8	16	18	17	14	12	7	12	5	20	0.00	74.70%	59	45	A	48	60.88	0.9	1	1	1	1	1	1	1	 	1	1	9	CR
3853	8	14	17	19	20	17	19	18	3	18	0.00	90.36%	93	99	A	101	95.14	3.9
3853	10	15	13	14	17	13	19	19	0	20	0.00	84.34%	88	79	A	82	84.13	2.9
3860	8	15	18	16	18	16	18	4	5	20	0.00	80.12%	78	72	A	75	77.65	2.4	1	1	1	1	1	1	1	1	1	 	9	CR
3862	10	15	20	16	18	16	19	19	5	20	1.33	92.97%	79	83	A	86	87.39	3.2	1	1	 	1	1	 	1	1	1	1	8	CR
3869	10	16	19	18	20	17	20	20	2	20	0.00	96.39%	95	93	B	93	94.75	3.9	1	1	1	1	1	1	1	1	 	1	9	CR
3869	10	16	20	16	19	18	18	20	5	20	0.00	94.58%	90	94	B	94	93.43	3.7
3890	9	16	16	7	19	17	15	20	4	20	0.00	83.73%	91	85	B	85	85.69	3.1	1	1	 	1	1	1	1	 	1	1	8	CR
3930	10	15	17	15	18	15	13	16	3	20	0.00	83.73%	72	70	B	70	75.89	2.2
3953	10	15	15	14	10	2	 	12	3	20	0.00	59.04%	81	49	B	49	59.41	0.8	1	1	1	1	1	1	 	1	1	1	9	CR
3964	9	15	18	17	15	16	17	18	1	20	3.33	89.36%	70	72	B	72	78.54	2.5	1	1	1	1	1	1	1	1	1	1	10	CR
3966	10	14	18	19	15	16	18	19	1	20	0.00	89.76%	90	92	B	92	90.70	3.5
3976	9	16	19	18	 	19	20	21	0	20	3.00	87.35%	91	96	A	99	92.74	3.6	1	1	1	1	1	1	1	1	1	1	10	CR
4003	9	14	7	12	9	4	2	 	2	20	0.00	46.39%	64	 	 	 	31.35	0.0
4006	9	14	18	18	19	19	17	19	5	20	0.00	92.17%	79	80	A	83	85.87	3.1	1	1	1	1	1	1	1	1	1	1	10	CR
4009	10	15	19	17	18	 	 	 	0	9	0.00	53.01%	76	 	 	 	36.40	0.0
4034	 	15	13	15	9	10	16	14	5	20	0.00	67.47%	76	80	B	80	74.19	2.1
4035	7	 	3	6	5	 	 	 	0	20	0.00	24.70%	51	3	A	6	22.48	0.0	1	1	1	1	1	1	 	1	 	 	7	NC
4045	10	16	16	16	15	20	13	18	3	20	0.00	86.75%	76	76	B	76	80.30	2.6
4056	10	15	18	16	14	 	 	 	3	18	0.00	54.82%	64	14	A	17	41.53	0.0	 	1	 	1	 	 	1	 	 	 	3	NC
4119	10	16	20	20	20	18	20	18	2	20	0.00	97.59%	96	98	A	101	98.64	4
4157	8	16	20	18	20	13	18	19	5	20	0.33	91.77%	98	98	B	98	95.51	3.9	1	1	 	1	1	1	1	1	1	1	9	CR
4216	9	15	17	14	12	9	16	18	5	20	0.00	78.31%	91	89	B	89	85.13	3.0
4235	9	16	20	18	20	17	18	20	0	20	0.00	95.18%	94	88	A	91	93.27	3.7
4247	9	15	20	18	19	19	18	20	0	20	0.00	95.18%	100	100	A	101	98.47	4	1	1	1	1	1	1	1	1	1	1	10	CR
4254	10	16	20	19	16	14	18	19	1	20	0.00	91.57%	90	95	A	98	93.83	3.8	1	1	1	1	1	1	1	1	1	 	9	CR
4258	10	15	19	18	18	11	 	 	5	20	1.00	67.47%	96	60	A	63	71.39	1.8	1	1	1	1	1	1	1	 	1	1	9	CR
4279	10	15	20	17	19	15	17	17	1	20	0.00	90.36%	87	89	B	89	89.14	3.4	1	1	1	1	1	1	 	1	1	1	9	CR
4285	9	16	18	16	15	18	 	16	2	20	0.00	77.11%	92	70	B	70	77.24	2.3	1	1	1	1	1	1	1	 	1	1	9	CR
4288	9	15	18	18	17	19	19	18	2	20	0.00	92.17%	91	93	B	93	92.27	3.6	1	1	1	1	1	1	1	1	1	1	10	CR
4290	8	15	18	20	18	20	19	15	0	20	0.33	92.37%	89	79	B	79	86.35	3.1	1	1	1	1	1	1	1	1	1	1	10	CR
4309	9	16	20	20	20	19	20	20	0	20	0.33	99.00%	97	98	B	98	98.20	4
4315	9	15	17	18	15	14	17	17	4	20	0.67	85.94%	97	80	A	83	86.98	3.2	1	1	1	1	 	1	1	1	1	1	9	CR
4322	9	16	20	19	18	19	18	19	0	20	0.00	95.18%	92	88	A	91	92.87	3.7
4347	6	14	9	16	6	 	 	 	1	12	0.00	37.95%	69	 	 	 	28.98	0.0
4350	7	16	13	16	15	 	 	 	3	12	0.00	47.59%	71	 	 	 	33.24	0.0
4351	5	14	12	14	16	9	14	16	3	20	0.00	72.29%	70	48	B	48	62.12	1.0
4355	9	16	20	18	19	20	20	19	1	20	3.33	99.00%	93	89	A	92	95.00	3.9	1	1	1	1	1	1	1	1	1	1	10	CR
4364	9	16	18	19	18	18	20	19	4	20	0.00	94.58%	90	78	A	81	88.23	3.3
4370	10	15	19	16	14	15	13	18	2	20	0.00	84.34%	87	81	A	84	84.73	3.0
4416	9	15	20	18	17	20	18	21	2	20	0.00	95.18%	83	72	A	75	84.67	3.0	1	1	1	1	1	1	1	1	1	1	10	CR
4430	9	16	19	18	18	11	19	20	0	20	0.00	90.36%	95	91	B	91	91.54	3.5
4454	9	16	19	20	18	14	16	18	1	20	0.00	90.36%	92	89	B	89	90.14	3.5	1	1	1	1	1	1	1	 	1	 	8	CR
4458	10	15	20	17	16	17	16	16	3	20	0.00	88.55%	75	29	A	32	63.22	1.1
4464	9	13	10	18	16	13	15	10	5	20	1.33	75.50%	74	62	A	65	71.00	1.8	1	1	1	1	1	1	1	1	1	1	10	CR
4480	10	16	16	15	14	15	 	13	2	20	0.00	71.69%	82	82	B	82	77.87	2.4	1	1	1	1	1	1	1	 	1	1	9	CR
4486	10	15	19	18	19	20	20	18	4	20	2.33	97.19%	82	68	B	68	82.48	2.8	1	1	1	1	1	1	1	1	1	1	10	CR
4487	8	15	17	16	16	9	10	19	3	18	0.00	77.11%	73	60	A	63	70.64	1.8
4488	10	15	17	18	19	19	20	21	1	20	0.00	95.78%	68	83	A	86	86.31	3.1
4581	7	14	19	13	14	11	12	9	5	20	0.00	71.69%	71	72	A	75	72.87	2.0	1	1	1	1	1	1	1	1	1	 	9	CR
4670	8	15	20	19	18	17	18	19	1	20	0.00	92.77%	90	83	A	86	89.51	3.4	1	1	1	1	 	 	1	1	1	1	8	CR
4673	10	14	19	16	17	17	16	16	5	20	0.00	87.35%	63	54	B	54	69.14	1.6
4673	6	10	17	15	10	13	15	12	0	20	0.00	71.08%	64	51	B	51	61.63	1.0	1	1	1	1	1	1	1	1	1	1	10	CR
4680	10	16	13	15	19	20	19	15	5	20	1.33	89.36%	80	83	A	86	86.14	3.1	 	1	1	1	1	1	1	1	1	1	9	CR
4689	10	16	19	19	16	16	18	19	3	20	0.00	92.17%	85	93	A	96	92.27	3.6	1	1	1	1	 	1	1	1	1	1	9	CR
4692	10	14	20	17	17	17	15	16	1	20	0.00	87.95%	76	76	B	76	80.78	2.7
4695	7	13	17	16	6	10	15	0	5	18	0.33	61.65%	76	58	A	61	64.26	1.2
4711	7	14	17	18	16	17	18	17	1	20	0.00	86.75%	74	72	A	75	79.50	2.5	1	1	1	1	1	1	1	1	1	1	10	CR
4713	7	15	19	18	14	16	16	18	5	20	3.00	87.95%	76	48	B	48	69.58	1.7	 	1	1	1	1	1	1	 	1	1	8	CR
4734	8	14	12	14	16	16	17	16	4	20	0.00	80.12%	80	85	A	88	83.25	2.9
4740	10	16	18	19	19	18	20	16	0	20	0.00	93.98%	96	93	B	93	93.99	3.8	 	1	1	1	1	1	1	 	1	1	8	CR
4751	7	15	19	18	17	14	18	18	5	20	0.00	87.95%	78	77	B	77	81.58	2.7
4755	9	15	17	15	18	16	 	13	5	20	0.00	74.10%	87	38	A	41	63.44	1.1	 	1	1	 	1	1	 	1	1	 	6	NC
4756	10	15	19	19	16	17	15	16	4	20	0.00	88.55%	85	83	B	83	85.62	3.1
4792	9	15	18	16	17	17	16	19	2	20	0.00	88.55%	91	80	B	80	85.62	3.1	 	1	 	1	1	1	1	1	1	1	8	CR
4825	8	16	17	16	14	15	16	18	5	20	0.00	84.34%	72	77	A	80	80.13	2.6	1	1	1	1	 	1	1	1	1	1	9	CR
4885	9	16	20	18	19	19	19	17	0	20	0.00	94.58%	87	97	B	97	94.03	3.8
4887	10	16	18	16	18	16	18	17	5	20	0.00	89.76%	69	60	B	60	73.70	2.0	1	1	1	1	1	1	1	1	1	1	10	CR
4888	8	15	20	18	17	19	19	20	1	20	0.00	93.98%	77	85	B	85	86.99	3.2	1	1	1	1	1	1	1	1	1	1	10	CR
4890	8	15	20	18	17	19	18	19	5	20	0.00	92.77%	94	90	B	90	91.91	3.6
4913	8	15	18	15	18	16	17	18	5	18	0.00	86.14%	93	87	B	87	87.86	3.3	1	1	1	 	1	1	1	1	1	1	9	CR
4929	8	15	10	12	15	15	 	 	5	18	0.00	56.02%	49	 	 	 	32.21	0.0	1	1	1	1	 	1	1	1	 	 	7	NC
4934	8	14	11	13	17	13	11	17	5	20	0.00	74.70%	75	63	A	66	71.28	1.8
4936	9	14	20	18	19	17	18	19	2	20	0.00	92.77%	95	83	A	86	90.51	3.5	1	1	1	1	1	1	1	1	1	1	10	CR
4965	10	14	20	20	18	17	18	18	5	20	0.33	93.57%	75	82	B	82	85.23	3.0
4969	5	 	 	 	 	 	 	 	0	12	0.00	10.24%	62	8	A	11	20.90	0.0	1	1	1	1	 	 	1	 	 	 	5	NC
4978	9	16	20	20	20	20	20	21	1	20	0.00	100.00%	93	92	A	95	96.60	4
5022	 	16	18	17	17	18	16	15	2	20	0.00	82.53%	88	58	A	61	75.01	2.1	1	1	1	1	1	 	 	1	1	 	7	NC
5026	9	16	19	18	18	19	18	17	1	20	0.00	92.77%	94	81	A	84	89.51	3.4
5055	10	16	20	19	19	18	20	21	3	20	0.00	98.19%	97	89	A	92	95.48	3.9	 	1	1	1	1	1	1	1	 	1	8	CR
5059	9	13	14	12	17	15	15	19	0	20	0.00	80.72%	88	83	B	83	83.09	2.9	1	1	1	1	1	1	1	1	1	1	10	CR
5069	10	14	19	17	18	19	17	20	5	20	0.00	92.77%	77	63	B	63	77.71	2.4
5088	6	16	20	16	16	19	20	18	1	20	0.00	90.96%	91	84	B	84	88.19	3.3	 	1	1	1	1	1	1	1	1	1	9	CR
5127	8	15	14	14	17	15	17	15	5	20	0.00	81.33%	88	78	B	78	81.33	2.7
5130	10	14	16	15	18	15	13	19	5	20	0.00	84.34%	60	75	A	78	76.93	2.3
5143	5	14	17	20	19	16	19	19	0	20	0.00	89.76%	88	87	A	90	89.50	3.4
5152	6	14	18	16	12	15	17	14	3	20	1.00	80.12%	57	22	B	22	52.25	0.0
5171	10	16	20	18	17	20	19	20	3	20	0.00	96.39%	94	100	A	101	97.75	4
5171	7	16	15	18	19	16	16	15	3	20	0.00	85.54%	90	84	A	87	87.02	3.2
5176	9	15	16	17	16	17	19	15	5	20	0.00	86.75%	89	80	A	83	85.70	3.1
5199	8	14	19	16	19	19	20	17	4	20	0.33	91.77%	96	92	A	95	93.91	3.8
5206	8	15	18	17	17	17	16	17	0	20	0.00	87.35%	96	92	A	95	92.14	3.6	1	1	1	1	1	1	1	1	1	 	9	CR
5215	10	16	14	16	18	17	19	20	1	20	0.00	90.36%	81	96	A	99	91.94	3.6
5217	9	14	19	19	16	18	18	16	2	20	0.00	89.76%	85	83	B	83	86.10	3.1	1	1	1	1	1	1	1	1	 	1	9	CR
5232	8	16	17	17	16	16	19	18	1	20	0.00	88.55%	95	84	B	84	88.02	3.3	1	1	1	1	1	1	1	1	1	1	10	CR
5248	7	16	20	18	18	18	20	18	1	20	0.33	93.57%	96	93	A	96	95.03	3.9	 	1	1	1	1	 	1	1	1	1	8	CR
5278	9	13	20	16	16	16	16	15	0	20	0.00	84.94%	90	90	B	90	87.98	3.3	1	1	1	1	1	1	1	1	1	1	10	CR
5301	8	15	12	12	5	11	 	16	2	20	0.00	59.64%	58	64	A	67	62.26	1.0	1	1	1	 	1	 	 	1	 	1	6	NC
5302	9	15	20	20	19	20	20	20	2	20	0.00	98.19%	74	76	A	79	85.68	3.1
5313	10	16	18	17	20	16	15	17	5	20	0.00	89.76%	89	89	A	92	90.50	3.5
5326	10	16	20	18	18	18	 	21	0	20	0.33	85.14%	89	90	B	90	87.86	3.3	 	1	1	1	1	1	1	1	1	 	8	CR
5331	10	16	20	19	19	18	18	19	3	20	2.00	96.99%	93	84	B	84	91.00	3.5	1	1	1	1	1	1	1	1	1	1	10	CR
5391	10	16	20	19	19	17	19	17	5	20	2.00	95.78%	98	99	A	101	98.31	4
5394	7	14	 	 	 	 	 	 	1	0	0.00	12.65%	 	 	 	 	5.06	0.0
5397	8	15	16	14	12	 	13	14	5	18	1.00	66.87%	73	52	A	55	63.35	1.1	1	1	1	1	1	1	1	1	 	1	9	CR
5397	8	15	20	18	18	16	 	 	5	9	0.00	62.65%	83	28	B	28	52.86	0.0	 	1	1	1	 	1	1	1	1	1	8	CR
5413	9	16	20	19	18	17	20	18	0	20	0.00	94.58%	92	89	A	92	93.03	3.7	1	1	1	1	1	1	1	1	1	1	10	CR
5440	7	16	18	19	16	18	20	19	5	20	0.00	92.17%	85	94	B	94	91.47	3.5
5445	10	15	18	17	13	11	20	15	4	20	0.00	83.73%	79	87	B	87	84.09	2.9	 	1	1	1	1	1	1	 	1	 	7	NC
5453	9	15	19	18	19	18	19	20	2	20	0.00	94.58%	80	83	A	86	88.23	3.3
5457	10	16	19	18	19	19	19	14	3	20	0.00	92.77%	96	98	B	98	95.51	3.9
5459	10	14	19	16	17	12	15	14	0	20	0.00	82.53%	81	71	A	74	78.81	2.5
5469	8	16	14	17	14	12	16	12	1	20	0.00	77.71%	86	67	A	70	76.28	2.3	1	1	1	1	1	1	1	1	1	1	10	CR
5475	9	15	16	17	17	17	15	19	0	20	0.00	87.35%	86	85	A	88	87.34	3.2
5484	10	16	19	18	15	16	18	17	0	20	0.00	89.76%	74	82	A	85	84.70	3.0	1	1	1	1	1	1	1	1	1	1	10	CR
5516	9	16	20	16	12	19	19	18	4	20	0.00	89.76%	80	60	A	63	77.10	2.3	1	1	1	1	1	1	1	1	1	1	10	CR
5534	7	15	19	18	17	18	16	17	0	20	0.00	88.55%	88	89	A	92	89.82	3.4
5545	8	14	16	11	15	14	16	15	3	20	0.00	77.71%	94	75	A	78	81.08	2.7
5568	8	16	17	16	4	 	 	 	2	20	0.00	48.80%	60	16	B	16	37.92	0.0	 	1	1	1	1	1	1	1	1	1	9	CR
5572	7	15	19	16	20	14	17	18	4	20	0.00	87.95%	62	59	B	59	71.18	1.8
5632	9	14	19	19	19	18	18	21	2	20	0.00	94.58%	93	92	B	92	93.23	3.7
5646	10	16	18	 	15	10	12	14	4	6	0.00	60.84%	33	35	A	38	46.14	0.0
5661	9	15	19	19	17	16	19	17	5	20	0.33	91.16%	73	63	B	63	76.27	2.3	 	1	1	1	1	1	1	 	1	1	8	CR
5665	10	16	20	18	17	16	16	13	4	20	0.00	87.95%	91	73	A	76	83.78	2.9
5699	4	12	16	15	10	 	 	 	0	3	0.00	36.14%	51	 	 	 	24.66	0.0
5702	10	15	19	17	19	16	18	17	1	20	0.00	90.96%	94	83	B	83	88.39	3.3	1	1	1	1	1	1	1	1	1	 	9	CR
5705	9	16	18	17	18	20	18	19	2	20	0.00	93.37%	86	70	A	73	83.75	2.9	1	1	1	1	1	1	1	1	1	1	10	CR
5710	10	16	18	17	20	18	18	18	5	20	2.33	94.78%	92	97	A	100	96.31	3.9
5724	10	16	15	14	16	3	7	18	5	20	0.00	71.69%	74	67	A	70	71.47	1.8	1	1	1	 	 	1	1	1	1	1	8	CR
5728	9	15	15	18	16	18	17	16	5	20	0.00	86.75%	86	83	B	83	85.10	3.0
5729	9	13	18	16	14	19	18	18	5	20	0.00	87.35%	84	79	A	82	84.54	3.0
5747	9	15	11	16	19	18	17	19	1	20	0.00	86.75%	94	97	B	97	92.30	3.6
5763	9	16	20	18	17	17	19	20	5	20	0.00	93.98%	78	60	A	63	78.39	2.4	1	1	1	1	1	1	1	1	1	1	10	CR
5778	10	16	20	17	19	17	16	19	4	20	0.00	92.77%	94	101	A	101	96.31	3.9
5778	9	14	19	14	19	16	18	16	5	20	0.00	87.35%	64	57	B	57	70.54	1.8	1	1	1	1	1	1	1	1	1	 	9	CR
5791	10	16	20	14	19	18	14	16	5	20	0.00	88.55%	90	94	A	97	92.22	3.6	1	1	1	1	1	1	1	1	1	1	10	CR
5798	9	16	19	19	19	17	19	20	5	20	0.00	95.18%	92	91	B	91	92.87	3.7	1	 	1	1	1	1	1	1	1	1	9	CR
5806	9	15	15	16	18	17	18	19	0	20	0.00	88.55%	74	64	A	67	77.02	2.3
5828	 	12	18	13	11	 	 	 	3	15	0.00	41.57%	46	21	A	24	35.43	0.0
5858	10	16	20	19	20	19	20	20	0	20	3.33	100.80%	100	100	A	101	100.72	4	1	1	1	1	1	1	1	1	1	 	9	CR
5872	10	16	19	16	9	7	2	12	5	20	0.00	66.87%	76	51	A	54	63.55	1.1
5873	9	16	19	16	12	14	14	17	5	20	0.00	82.53%	79	71	A	74	78.41	2.4
5890	8	15	19	15	11	14	4	15	5	20	0.00	72.89%	33	28	A	31	48.16	0.0
5904	10	16	20	20	19	20	20	21	2	20	3.00	101.81%	101	99	A	101	101.32	4	1	1	1	1	1	1	 	1	1	1	9	CR
5923	9	16	20	19	20	20	19	20	0	20	0.00	98.19%	93	96	B	96	96.28	3.9
5935	9	16	20	17	15	 	 	15	5	20	0.00	67.47%	66	45	A	48	59.39	0.8
5936	9	14	20	20	18	19	18	18	1	20	0.00	93.98%	86	76	A	79	86.39	3.1
5957	8	15	20	18	20	17	20	17	0	20	0.00	93.37%	93	91	A	94	93.55	3.7
5960	9	16	13	17	17	18	6	12	5	18	0.00	75.90%	65	59	A	62	68.16	1.5	1	1	1	1	 	 	1	1	1	1	8	CR
5994	8	16	20	18	19	19	18	21	0	20	0.00	95.78%	94	98	A	101	97.51	4	 	1	1	1	1	1	1	1	1	1	9	CR
6010	9	16	20	16	19	18	20	17	5	20	0.00	93.37%	89	84	B	84	88.75	3.3
6044	10	16	17	17	17	15	16	16	5	20	1.00	87.35%	75	78	A	81	82.34	2.8
6046	8	13	 	 	14	10	 	 	5	18	0.00	37.95%	84	 	 	 	31.98	0.0	1	 	 	1	1	1	1	1	1	1	8	CR
6049	10	13	16	16	16	14	12	17	2	20	0.00	80.72%	78	68	A	71	76.29	2.3
6075	9	16	19	17	19	18	17	18	3	20	1.00	92.77%	90	82	B	82	87.91	3.3	1	1	1	1	 	1	1	1	1	1	9	CR
6076	10	16	16	18	17	20	20	21	5	20	1.00	95.78%	87	90	A	93	92.91	3.7
6076	10	16	20	17	15	15	19	16	2	20	0.00	89.16%	80	82	B	82	84.46	3.0
6084	9	15	17	20	14	19	20	20	2	20	0.00	92.77%	91	87	B	87	90.11	3.5
6086	9	16	20	18	16	15	19	18	5	20	0.00	90.96%	95	86	A	89	90.99	3.5
6121	9	14	18	16	15	13	14	17	0	20	0.00	81.93%	69	88	B	88	81.77	2.7
6137	9	15	20	17	18	19	20	18	0	20	0.00	93.98%	94	92	A	95	94.39	3.9	1	1	1	1	1	1	1	1	1	1	10	CR
6138	10	15	16	18	15	17	19	16	5	12	0.00	83.13%	87	81	B	81	83.05	2.9
6196	7	8	10	5	2	 	 	4	5	20	0.33	33.94%	65	29	A	32	39.37	0.0	1	1	1	1	 	1	1	 	1	1	8	CR
6207	9	16	19	16	17	14	18	18	0	20	0.00	88.55%	92	97	A	100	93.82	3.8
6217	9	13	11	15	13	11	14	18	5	20	0.00	74.70%	60	51	A	54	63.48	1.1
6227	10	15	18	16	17	17	15	14	0	20	0.00	85.54%	97	82	A	85	87.62	3.3
6227	9	16	18	18	19	18	19	18	4	20	0.00	93.37%	84	63	A	66	80.55	2.6
6228	10	14	18	13	15	16	17	18	4	20	0.00	84.94%	87	76	A	79	82.98	2.8
6261	10	16	16	18	19	18	16	16	1	20	0.00	89.76%	68	86	A	89	85.10	3.0
6272	8	15	15	18	17	12	15	11	5	12	0.00	74.10%	94	67	A	70	76.44	2.3
6289	9	15	14	16	16	15	18	17	5	20	0.00	84.34%	81	73	B	73	79.13	2.5	1	1	1	1	1	1	1	1	1	1	10	CR
6290	9	14	20	17	17	19	18	19	0	20	0.00	92.17%	83	84	A	87	88.27	3.3	1	1	1	1	1	1	1	1	1	 	9	CR
6292	4	13	11	7	6	7	14	20	3	20	0.00	61.45%	86	82	A	85	75.78	2.2
6293	10	16	17	14	18	16	19	19	5	20	0.00	89.76%	81	71	B	71	80.50	2.6	1	1	1	1	1	1	1	1	1	1	10	CR
6322	9	16	17	18	19	19	20	18	5	20	0.00	93.98%	93	74	B	74	85.79	3.1
6326	10	16	20	19	17	18	19	18	4	20	0.00	94.58%	84	95	A	98	93.83	3.8
6327	9	15	17	17	18	17	20	15	0	20	0.00	89.16%	95	91	B	91	91.06	3.5
6329	8	15	14	15	17	15	19	17	2	20	0.00	84.34%	90	77	B	77	82.53	2.8
6335	8	14	19	15	13	12	13	14	3	20	0.00	77.11%	90	85	B	85	82.84	2.8
6349	10	16	20	18	18	19	19	20	4	20	2.00	97.59%	86	93	A	96	94.64	3.9
6360	9	15	19	15	17	16	15	19	4	20	0.00	87.35%	91	75	A	78	84.34	3.0
6372	10	16	18	20	20	17	18	16	1	20	0.00	93.37%	93	83	B	83	89.15	3.4
6388	9	15	18	17	17	14	19	19	3	20	0.00	89.16%	94	80	B	80	86.46	3.1
6416	10	15	18	20	19	17	18	20	1	20	2.00	95.78%	86	79	A	82	88.31	3.3	1	1	1	1	1	1	1	1	1	1	10	CR
6419	9	15	20	18	17	15	18	17	2	20	0.00	89.76%	96	84	B	84	88.70	3.3
6433	9	16	17	16	19	 	11	15	4	15	0.00	71.08%	68	53	A	56	64.43	1.2	 	1	 	1	1	1	1	1	 	 	6	NC
6464	9	13	15	12	9	17	15	13	4	20	0.00	74.10%	63	55	A	58	65.44	1.3
6476	6	15	17	17	14	13	18	17	3	20	0.00	82.53%	79	82	A	85	82.81	2.8
6508	10	14	19	18	17	15	19	19	4	20	0.00	90.96%	86	70	A	73	82.79	2.8
6515	10	16	20	18	16	17	18	19	0	20	0.00	92.77%	98	94	B	94	94.31	3.8
6520	7	9	16	14	17	13	15	13	4	20	0.00	74.70%	68	45	A	48	62.68	1.1	1	 	1	 	1	1	1	1	1	1	8	CR
6532	7	14	17	17	16	17	18	13	4	20	1.33	84.54%	90	81	A	84	85.42	3.1	1	1	1	1	1	1	1	1	 	1	9	CR
6532	9	16	19	18	15	14	20	19	0	20	0.00	90.36%	86	72	A	75	83.34	2.9	1	1	1	1	1	1	1	1	1	1	10	CR
6537	10	16	20	19	20	18	19	21	5	20	0.00	98.19%	93	82	A	85	91.88	3.6	 	1	1	1	1	1	1	 	1	1	8	CR
6538	10	15	18	16	16	15	18	16	4	20	0.00	86.75%	93	75	A	78	84.50	3.0
6547	8	15	15	16	16	19	17	20	0	20	0.00	87.95%	50	43	A	46	63.58	1.1
6577	8	 	19	12	 	 	 	 	0	20	0.00	35.54%	46	13	A	16	29.82	0.0	1	1	1	1	 	1	1	1	 	1	8	CR
6590	7	15	16	16	17	17	17	14	1	20	0.00	83.73%	83	78	B	78	81.29	2.7
6637	6	6	5	4	 	 	 	 	1	15	0.00	21.69%	49	 	 	 	18.47	0.0	1	1	1	1	 	1	1	1	 	 	7	NC
6659	9	16	15	20	19	18	19	19	3	20	1.67	94.38%	94	81	B	81	88.95	3.4
6670	9	14	14	16	17	15	17	16	0	20	0.00	83.13%	82	83	B	83	82.85	2.8
6673	7	 	 	 	 	 	 	 	0	6	0.00	7.83%	20	 	 	 	7.13	0.0
6675	10	16	18	20	20	18	20	17	0	20	0.00	95.78%	99	93	A	96	96.51	4
6716	10	16	17	16	18	18	17	18	5	20	0.00	90.36%	76	63	B	63	76.54	2.3	1	1	1	1	 	1	1	1	 	1	8	CR
6721	8	15	17	16	17	17	19	18	5	20	0.00	88.55%	73	80	A	83	83.22	2.9
6723	8	16	18	18	19	18	16	15	3	20	0.00	89.16%	90	93	B	93	90.86	3.5
6724	9	16	16	4	15	8	1	11	5	20	0.00	60.24%	76	54	B	54	60.90	0.9
6752	8	15	12	14	14	17	17	15	0	20	0.00	79.52%	100	83	A	86	86.21	3.1	1	1	1	1	1	1	1	1	1	1	10	CR
6813	10	15	19	18	19	19	18	18	2	20	0.00	93.98%	92	85	B	85	89.99	3.5
6817	9	15	17	15	11	13	14	14	5	0	0.00	65.06%	71	63	A	66	66.62	1.4
6821	9	14	15	19	18	18	18	19	1	20	0.00	90.36%	95	93	B	93	92.34	3.6
6822	9	12	16	18	15	15	15	13	5	20	0.00	80.12%	61	70	A	73	73.45	2.0
6828	10	13	15	15	19	17	18	18	5	20	0.00	87.35%	77	72	A	75	80.34	2.6	1	1	1	1	1	1	1	1	1	1	10	CR
6851	10	16	20	19	19	17	20	18	0	20	0.00	95.78%	93	80	B	80	88.91	3.4	1	1	1	1	1	1	1	1	1	1	10	CR
6860	10	14	19	18	18	18	19	19	2	15	0.00	90.36%	85	99	A	101	93.54	3.7	1	1	1	1	1	 	1	1	 	1	8	CR
6881	10	15	19	18	18	18	19	21	0	20	0.00	95.18%	92	87	A	90	92.47	3.6
6885	9	16	20	18	20	19	20	20	2	20	0.00	97.59%	90	71	A	74	86.64	3.2
6888	10	16	18	16	16	14	17	17	3	20	0.00	86.75%	90	84	B	84	86.30	3.1
6915	9	15	20	16	18	17	17	18	5	20	0.00	90.36%	79	95	A	98	91.14	3.5	 	1	1	1	1	1	1	1	1	1	9	CR
6916	10	16	18	16	16	16	17	17	1	20	0.00	87.95%	93	94	A	97	92.58	3.6	1	1	1	1	1	1	1	1	1	1	10	CR
6933	9	9	18	14	18	16	18	18	5	20	0.00	84.34%	92	85	B	85	86.13	3.1
6974	10	15	20	17	19	16	18	13	5	20	2.00	90.36%	90	73	A	76	84.54	3.0	 	1	1	1	1	1	1	1	1	1	9	CR
7000	9	15	19	18	19	20	20	20	5	20	0.00	96.39%	85	85	A	88	90.75	3.5
7000	10	16	18	16	16	18	15	18	0	20	0.00	88.55%	92	83	B	83	87.02	3.2	1	1	1	1	1	1	1	1	1	1	10	CR
7013	9	15	18	18	20	18	18	15	1	20	3.33	92.97%	86	81	A	84	87.99	3.3	1	1	1	1	1	1	1	1	1	1	10	CR
7032	9	15	20	17	16	13	 	 	2	18	0.00	65.06%	65	 	 	 	39.02	0.0
7038	10	15	20	20	19	17	19	19	2	20	2.33	97.19%	91	90	A	93	94.28	3.8	1	1	1	1	1	1	1	1	 	1	9	CR
7071	8	14	11	13	15	16	18	16	1	20	0.00	78.92%	94	93	A	96	88.77	3.4
7078	10	13	19	17	16	15	16	18	1	20	0.00	86.75%	76	83	A	86	84.30	3.0
7103	8	15	17	17	15	14	19	16	4	20	0.00	84.94%	84	87	B	87	85.58	3.1
7107	9	16	13	19	20	17	19	19	5	20	0.00	91.57%	74	79	B	79	83.03	2.8	1	1	1	1	1	1	1	1	1	1	10	CR
7111	7	15	19	17	17	16	16	18	4	20	0.00	87.35%	75	62	B	62	74.74	2.1	1	1	 	1	1	1	1	1	1	1	9	CR
7116	7	15	18	17	8	10	12	9	5	20	0.00	69.88%	80	82	A	85	77.95	2.4
7131	10	14	16	15	10	8	0	13	5	20	0.00	63.86%	74	50	A	53	61.54	1.0
7136	8	16	10	12	12	14	16	17	5	20	0.00	75.30%	89	93	B	93	85.12	3.0
7185	9	16	19	16	14	17	14	18	5	20	0.00	86.14%	89	94	B	94	89.86	3.4
7189	9	16	19	17	18	17	15	16	0	20	0.00	88.55%	93	98	B	98	93.22	3.7	1	1	1	1	1	 	1	1	1	1	9	CR
7190	8	16	17	18	16	14	16	17	5	20	0.00	85.54%	84	64	A	67	77.82	2.4	 	1	1	1	1	1	1	1	1	1	9	CR
7198	10	15	17	19	17	16	18	19	4	20	0.00	90.96%	79	76	B	76	82.59	2.8	1	1	1	1	1	1	1	1	1	1	10	CR
7207	9	9	12	14	15	12	5	 	3	3	0.00	47.59%	67	26	A	29	44.04	0.0
7216	10	16	20	16	19	19	19	21	5	20	1.00	96.99%	94	84	A	87	92.40	3.6	1	1	1	1	1	1	1	1	1	1	10	CR
7219	9	15	20	17	15	20	19	20	4	20	0.00	93.37%	78	86	A	89	88.55	3.3
7223	6	14	13	13	15	11	14	14	5	20	0.00	72.29%	83	76	A	79	77.12	2.3	1	1	1	1	1	1	1	1	1	1	10	CR
7226	8	15	19	14	11	10	14	13	5	20	0.00	74.70%	70	63	A	66	70.28	1.7
7249	8	16	18	15	18	16	13	14	5	20	0.00	83.13%	71	81	A	84	81.05	2.7	 	1	1	1	1	1	1	1	1	1	9	CR
7251	10	15	19	20	20	20	19	21	4	20	0.00	98.80%	88	96	B	96	95.52	3.9
7255	9	16	19	14	19	18	18	17	5	20	1.00	90.96%	92	91	A	94	92.39	3.6	1	1	1	1	1	1	1	1	1	1	10	CR
7304	10	15	18	18	19	15	15	17	2	20	0.00	88.55%	92	87	A	90	89.82	3.4	1	1	1	1	1	1	 	1	1	1	9	CR
7309	10	15	20	19	14	17	19	16	0	20	0.00	90.36%	94	79	B	79	86.54	3.2
7319	9	15	19	 	14	10	 	13	5	18	0.00	59.04%	60	32	B	32	48.41	0.0	1	 	 	1	1	 	1	1	 	1	6	NC
7323	9	16	18	19	19	18	20	18	0	20	0.00	94.58%	70	55	A	58	75.03	2.1
7349	10	15	19	20	18	20	20	20	3	20	0.00	97.59%	91	82	A	85	91.24	3.5
7350	10	15	20	18	19	17	16	15	3	20	0.00	90.36%	95	90	B	90	91.14	3.5	 	1	1	 	1	1	1	1	1	1	8	CR
7370	10	14	19	15	18	19	17	11	5	20	0.00	86.14%	69	55	B	55	70.26	1.7
7380	9	16	14	19	17	17	19	17	0	20	0.00	89.16%	88	75	A	78	84.46	3.0
7384	7	13	8	13	 	 	 	 	0	15	0.00	33.73%	64	 	 	 	26.29	0.0
7398	7	15	13	16	18	12	17	15	0	20	0.00	80.12%	80	56	A	59	71.65	1.9
7435	6	14	10	11	15	9	15	14	1	20	0.00	68.67%	74	84	B	84	75.87	2.2
7459	10	16	20	19	17	17	16	19	1	20	0.00	92.77%	92	80	A	83	88.71	3.3
7468	9	16	19	17	17	14	18	20	1	20	0.00	90.36%	77	74	B	74	81.14	2.7	1	1	1	1	1	1	1	1	1	1	10	CR
7471	10	16	18	18	18	 	 	16	5	20	0.00	69.88%	86	77	A	80	77.15	2.3	1	1	1	1	 	1	1	 	1	1	8	CR
7505	9	15	18	16	20	18	18	19	1	20	0.00	92.17%	90	80	A	83	88.07	3.3	1	1	1	1	1	1	1	1	1	1	10	CR
7508	8	15	20	18	18	20	20	18	5	20	0.33	94.78%	55	27	A	30	60.91	0.9	1	1	1	1	1	1	1	1	1	1	10	CR
7519	9	16	19	18	17	19	19	19	0	20	0.00	93.98%	91	95	B	95	93.79	3.8
7523	9	15	19	11	9	6	10	10	5	20	0.00	65.66%	69	55	B	55	62.07	1.0	1	1	1	1	1	1	1	1	1	 	9	CR
7528	8	15	18	18	18	17	18	19	4	20	0.00	90.96%	94	90	A	93	92.39	3.6	 	1	1	1	1	1	1	1	1	1	9	CR
7531	9	13	19	18	17	17	18	20	1	20	0.00	90.96%	94	81	A	84	88.79	3.4	1	1	1	1	1	1	1	1	1	1	10	CR
7537	8	16	17	16	14	11	17	13	4	18	0.00	78.31%	69	47	B	47	63.93	1.2
7547	9	15	20	17	15	19	18	18	2	20	0.00	90.96%	65	67	A	70	77.39	2.4
7554	10	14	18	19	17	16	19	18	2	20	0.00	90.96%	79	84	B	84	85.79	3.1
7557	6	15	18	17	17	15	13	14	3	20	0.00	81.33%	76	70	B	70	75.73	2.2	1	1	1	1	1	1	1	1	1	1	10	CR
7581	9	16	11	16	13	10	13	11	5	20	0.00	71.69%	77	33	B	33	57.27	0.0
7585	8	9	16	20	18	10	20	17	4	20	0.33	83.33%	58	31	B	31	57.33	0.0
7592	8	16	20	16	10	14	16	13	0	20	0.00	80.12%	92	62	A	65	76.45	2.3
7593	9	15	17	18	18	16	16	19	5	20	0.00	89.16%	90	85	B	85	87.66	3.3
7593	6	14	11	13	13	12	 	18	2	20	0.00	64.46%	71	 	 	 	39.98	0.0
7610	9	16	19	18	19	17	19	19	5	20	0.00	93.98%	88	81	B	81	87.59	3.2	1	1	1	1	1	1	1	1	1	 	9	CR
7622	9	14	17	15	18	16	14	18	5	20	0.00	84.94%	82	83	A	86	84.78	3.0
7623	7	14	13	12	6	4	16	18	5	20	0.00	66.27%	47	26	A	29	47.51	0.0	1	1	1	1	1	1	1	1	1	1	10	CR
7640	9	15	19	17	14	16	15	18	5	20	0.00	86.14%	87	69	A	72	80.66	2.6
7648	9	14	12	17	17	11	5	15	5	20	0.00	72.29%	70	57	B	57	65.72	1.3
7674	9	14	12	16	7	 	 	 	4	3	0.00	36.75%	76	64	A	67	56.70	0.0	1	1	 	 	1	 	 	 	 	 	3	NC
7676	9	15	15	15	16	14	17	17	1	20	0.33	83.33%	85	65	A	68	77.53	2.4	1	1	1	1	1	1	1	 	1	1	9	CR
7682	7	16	17	18	18	17	14	12	5	20	0.00	83.73%	82	54	A	57	72.69	1.9
7697	10	15	19	19	19	19	20	20	5	20	0.00	96.99%	86	92	A	95	94.00	3.8	 	1	1	1	1	1	1	1	1	 	8	CR
7707	10	15	17	19	19	16	17	17	5	20	0.00	90.36%	99	95	B	95	93.94	3.8
7722	9	16	17	16	18	15	18	15	3	18	0.00	85.54%	82	75	A	78	81.82	2.7
7725	8	14	15	19	20	18	19	20	0	20	0.00	92.17%	91	86	A	89	90.67	3.5	1	1	1	 	1	1	1	1	 	1	8	CR
7729	9	16	20	20	19	18	18	21	0	20	0.00	96.99%	89	87	A	90	92.60	3.6
7736	9	16	16	16	17	18	18	19	0	20	0.00	89.76%	83	75	A	78	83.70	2.9	1	1	1	1	1	1	1	1	1	1	10	CR
7754	10	16	18	16	15	15	12	16	5	20	0.00	83.13%	68	60	B	60	70.85	1.8
7757	10	15	14	18	17	17	16	18	5	20	0.00	87.35%	97	96	A	99	93.94	3.8	1	1	1	1	1	1	1	1	1	1	10	CR
7808	10	11	11	11	13	5	 	 	5	18	0.00	47.59%	75	43	B	43	51.24	0.0
7817	10	15	20	17	15	19	19	17	1	20	0.00	91.57%	88	93	B	93	91.43	3.5	1	1	1	1	1	1	1	1	1	1	10	CR
7828	9	16	19	19	17	19	20	20	0	20	0.00	95.78%	93	92	B	92	93.71	3.8
7857	10	14	18	17	16	18	19	18	3	20	0.00	90.36%	88	83	B	83	86.94	3.2	 	1	1	1	1	1	1	1	1	 	8	CR
7878	10	14	20	17	19	19	18	18	5	20	0.00	93.37%	95	94	B	94	93.95	3.8
7884	8	15	20	14	15	17	16	19	4	20	0.00	86.75%	92	80	A	83	86.30	3.1
7894	7	16	16	13	18	12	15	15	5	20	0.00	79.52%	79	66	B	66	74.01	2.1	 	 	1	1	1	1	1	1	1	 	7	NC
7906	8	16	19	20	13	15	17	20	2	20	0.00	89.16%	63	43	B	43	65.46	1.3
7907	8	14	19	18	16	16	18	16	0	20	0.00	87.35%	85	73	A	76	82.34	2.8	1	1	1	1	1	1	1	1	1	 	9	CR
7911	7	15	13	16	14	10	16	18	5	20	0.00	77.71%	95	85	A	88	85.28	3.0
7916	10	16	20	18	18	20	19	21	1	20	0.00	97.59%	94	88	B	88	93.04	3.7
7940	8	16	19	18	20	17	18	16	5	20	0.00	91.57%	76	73	B	73	81.03	2.7	1	1	1	1	1	1	1	1	1	1	10	CR
7948	10	16	20	19	20	14	20	19	2	20	0.00	95.18%	97	87	B	87	92.27	3.6
7964	10	15	19	17	18	15	15	15	2	20	0.00	86.75%	100	95	A	98	93.90	3.8
7967	9	14	18	15	15	14	14	12	3	20	0.33	79.12%	94	80	B	80	82.45	2.8
7982	9	16	18	15	19	20	19	17	4	20	0.00	92.17%	69	52	B	52	71.47	1.8	1	1	1	1	1	1	1	 	 	1	8	CR
7997	10	16	17	16	16	16	17	 	5	20	0.00	77.11%	90	75	B	75	78.84	2.5	1	1	 	1	1	1	1	1	1	1	9	CR
8008	10	14	17	20	18	18	18	19	0	20	2.00	93.98%	96	89	B	89	92.39	3.6	1	1	1	1	1	1	1	1	1	1	10	CR
8009	9	13	19	16	16	12	15	13	0	20	0.00	80.12%	94	79	A	82	83.65	2.9	1	1	1	1	1	1	1	1	1	1	10	CR
8023	8	15	17	18	17	14	16	16	4	20	0.00	84.94%	84	70	A	73	79.98	2.6
8026	8	15	20	19	19	20	20	21	0	20	2.33	99.00%	92	100	A	101	98.40	4	1	1	 	1	1	1	1	1	1	1	9	CR
8026	8	16	18	14	16	15	14	14	5	12	0.00	76.51%	76	77	B	77	76.60	2.3
8029	10	14	18	17	14	14	12	17	3	20	0.00	81.93%	83	65	A	68	76.57	2.3	1	1	1	1	1	1	1	1	1	1	10	CR
8058	8	14	13	17	13	15	20	19	3	20	0.67	84.14%	81	90	A	93	87.05	3.2	1	1	1	1	1	1	1	1	1	1	10	CR
8063	10	15	19	20	20	20	20	20	0	20	0.00	98.80%	94	87	A	90	94.32	3.8
8067	9	16	17	16	19	19	18	21	0	20	0.00	93.37%	88	89	A	92	91.75	3.5
8079	7	16	16	16	17	15	 	15	1	12	0.00	68.67%	69	61	A	64	66.87	1.4
8083	7	16	16	15	11	13	13	16	3	20	0.00	76.51%	70	52	B	52	65.40	1.3	 	1	1	 	1	1	1	 	 	 	5	NC
8089	8	14	15	16	15	15	14	14	2	20	0.00	78.92%	87	86	A	89	84.57	3.0	 	1	1	1	1	1	1	1	1	1	9	CR
8119	8	14	13	15	10	11	14	10	4	20	0.00	69.28%	71	73	A	76	72.31	1.9
8126	9	10	17	13	14	19	13	13	5	20	0.00	77.11%	77	71	A	74	75.84	2.2
8126	9	13	12	13	18	8	3	 	5	18	0.00	56.63%	75	71	B	71	66.05	1.4
8147	10	16	17	16	19	18	19	10	5	20	0.00	87.35%	71	47	A	50	69.14	1.6
8150	9	15	17	19	20	20	17	20	5	20	1.00	95.18%	96	98	B	98	96.47	4
8177	6	14	10	11	15	 	 	 	1	0	0.00	33.73%	59	 	 	 	25.29	0.0
8200	8	16	20	16	18	16	20	19	5	20	0.00	92.17%	73	85	A	88	86.67	3.2
8202	6	15	18	18	16	18	19	15	5	20	1.67	88.35%	80	64	A	67	78.14	2.4	1	1	1	1	1	1	 	1	 	1	8	CR
8213	10	15	15	19	16	14	15	19	5	20	0.00	86.14%	89	87	B	87	87.06	3.2
8218	10	15	16	18	19	18	19	17	4	20	0.33	91.77%	93	87	A	90	91.31	3.5	1	1	1	1	1	1	1	1	 	1	9	CR
8236	9	15	18	18	15	18	18	19	0	20	0.00	90.36%	96	89	B	89	90.94	3.5
8240	8	14	18	19	18	18	19	20	1	20	0.00	92.77%	84	81	B	81	86.31	3.1
8242	10	15	18	17	20	18	17	19	2	20	0.00	92.77%	84	85	A	88	89.11	3.4
8246	9	16	18	20	20	16	18	17	3	20	2.00	93.98%	101	93	B	93	94.99	3.9
8270	10	15	18	15	19	16	18	18	0	20	0.00	89.76%	89	82	A	85	87.70	3.3
8270	4	13	16	18	16	8	 	11	0	20	0.00	63.86%	58	17	A	20	45.14	0.0
8276	9	15	14	12	18	16	16	20	5	18	0.00	83.13%	91	71	B	71	79.85	2.6	1	1	 	1	1	 	1	1	 	1	7	NC
8281	10	16	19	20	18	17	20	17	0	20	0.00	94.58%	100	97	B	97	96.63	4	1	1	1	1	1	1	1	1	1	1	10	CR
8289	10	15	20	19	19	17	18	18	1	20	0.00	93.98%	83	83	B	83	87.39	3.2	1	1	1	1	1	1	 	1	1	1	9	CR
8298	10	16	17	14	18	16	18	19	2	20	0.00	89.16%	81	72	A	75	81.86	2.7
8302	9	15	20	18	19	18	16	18	0	20	0.00	92.17%	93	92	B	92	92.27	3.6
8306	10	15	19	18	19	20	20	20	3	20	0.00	96.99%	75	81	A	84	87.40	3.2
8334	7	16	20	18	19	19	20	21	4	20	0.33	96.59%	94	95	A	98	96.63	4	1	1	1	1	1	1	1	1	1	1	10	CR
8335	9	16	17	18	20	19	20	14	3	20	0.00	92.17%	92	91	A	94	92.87	3.7
8337	9	15	9	16	7	 	 	 	2	9	0.00	39.16%	64	 	 	 	28.46	0.0	1	1	 	1	1	 	 	 	 	 	4	NC
8342	10	16	20	17	18	17	17	18	4	20	0.00	92.17%	80	82	B	82	85.67	3.1
8360	9	15	19	17	18	15	17	17	2	20	2.67	90.16%	79	89	B	89	87.46	3.2	1	1	1	1	1	1	1	1	1	 	9	CR
8375	9	15	19	19	19	16	19	19	3	20	0.00	93.37%	92	91	A	94	93.35	3.7
8415	6	10	13	16	14	 	 	 	5	18	0.00	46.39%	61	23	A	26	41.15	0.0	1	1	1	1	1	1	1	 	1	1	9	CR
8426	8	15	16	17	17	16	19	15	0	20	0.00	86.14%	86	101	B	101	92.06	3.6
8430	6	10	12	7	8	 	 	 	0	20	0.00	37.95%	63	7	A	10	31.78	0.0
8434	9	14	14	17	19	12	11	12	2	20	0.00	77.11%	76	66	A	69	73.64	2.0	1	1	1	1	1	1	 	1	1	1	9	CR
8450	9	14	14	15	15	16	18	19	2	20	2.00	85.54%	86	84	B	84	85.02	3.0	1	1	1	1	1	1	1	1	1	1	10	CR
8461	8	14	16	18	14	18	17	14	5	20	0.00	83.73%	87	83	A	86	85.29	3.0	1	1	1	1	1	1	1	 	1	1	9	CR
8484	8	16	18	19	16	19	20	19	4	20	0.00	93.37%	92	74	A	77	86.55	3.2
8503	7	15	18	16	15	 	7	13	5	20	0.00	66.87%	81	51	A	54	64.55	1.2
8515	9	11	18	17	15	14	19	16	5	20	0.00	83.73%	71	67	A	70	75.69	2.2	1	1	1	 	1	1	1	1	1	1	9	CR
8519	9	14	20	14	16	17	17	18	3	20	0.00	87.35%	74	62	A	65	75.74	2.2
8538	10	16	20	19	17	19	20	17	2	20	0.00	95.18%	95	88	B	88	92.27	3.6	1	1	1	1	1	1	1	1	1	1	10	CR
8549	 	 	 	 	 	 	 	 	0	0	0.00	0.00%	72	 	 	 	14.40	0.0
8608	7	15	18	14	6	15	13	14	5	20	0.00	73.49%	85	67	A	70	74.40	2.1
8616	8	15	20	17	18	17	18	17	3	20	0.00	90.36%	92	89	B	89	90.14	3.5
8631	9	15	18	17	14	17	19	20	5	20	0.00	89.76%	76	88	B	88	86.30	3.1	1	1	1	1	1	1	1	1	1	1	10	CR
8644	9	16	20	18	17	16	19	20	4	20	0.00	93.37%	82	85	B	85	87.75	3.3
8672	10	14	13	16	18	16	16	14	1	20	0.00	82.53%	90	67	A	70	79.01	2.5	1	1	1	1	1	1	1	1	1	1	10	CR
8676	9	15	20	20	19	19	19	18	5	3	0.00	85.54%	90	99	B	99	91.82	3.5
8723	8	14	18	17	19	17	18	16	3	20	0.00	88.55%	89	84	A	87	88.02	3.3
8723	 	 	19	18	19	16	17	18	5	0	0.00	64.46%	70	52	B	52	60.58	0.9	 	 	 	 	 	 	 	 	 	 	0	NC
8764	8	15	18	15	13	16	16	14	0	15	0.00	78.31%	52	41	A	44	59.33	0.8	1	1	1	1	1	1	 	 	 	1	7	NC
8784	10	14	19	17	18	19	16	11	5	20	0.00	86.75%	94	90	A	93	90.70	3.5
8807	7	9	13	13	 	 	 	 	2	6	0.00	28.92%	 	 	 	 	11.57	0.0	 	1	 	1	 	 	 	 	 	 	2	NC
8810	9	16	17	17	16	17	13	6	5	15	0.00	75.90%	87	 	 	 	47.76	0.0
8815	10	15	19	17	17	17	16	14	0	20	0.00	87.35%	89	95	B	95	90.74	3.5
8818	10	15	19	19	18	20	17	13	5	20	0.00	90.96%	66	43	A	46	67.99	1.5
8827	10	15	12	15	17	13	20	18	0	20	0.00	84.34%	92	93	A	96	90.53	3.5	1	1	1	1	1	1	1	1	1	1	10	CR
8833	8	15	20	17	18	16	19	15	3	20	0.00	89.16%	81	59	A	62	76.66	2.3	1	1	1	1	1	1	1	1	 	1	9	CR
8835	9	16	20	19	19	18	19	14	1	20	0.33	92.97%	90	94	A	97	93.99	3.8	 	1	1	1	1	1	1	1	1	1	9	CR
8856	9	15	13	16	15	11	15	16	5	20	0.00	78.31%	73	61	A	64	71.53	1.8
8860	9	16	16	18	17	18	13	9	5	20	0.00	81.93%	69	37	B	37	61.37	1.0
8889	8	15	20	18	18	19	19	18	2	20	0.00	93.37%	85	57	A	60	78.35	2.4
8890	10	16	20	17	13	18	16	10	4	20	0.00	84.34%	83	67	A	70	78.33	2.4
8893	9	14	19	20	18	15	16	19	0	20	0.00	90.36%	97	90	A	93	92.74	3.6	1	1	1	1	1	1	1	1	1	1	10	CR
8900	9	14	16	16	14	17	13	15	5	20	0.00	80.72%	90	74	B	74	79.89	2.6
8901	10	16	15	17	19	17	17	19	2	20	0.00	90.36%	81	77	A	80	84.34	3.0
8918	9	16	14	15	17	15	18	17	3	20	0.00	84.94%	71	65	A	68	75.38	2.2
8936	9	15	17	16	11	15	16	16	4	20	0.00	81.33%	78	90	A	93	85.33	3.1
8937	10	15	20	16	19	16	19	16	5	20	0.00	90.96%	95	93	B	93	92.59	3.6	1	1	1	1	1	1	1	 	1	1	9	CR
8951	9	16	14	17	16	14	19	16	5	20	0.00	84.94%	71	65	A	68	75.38	2.2
8955	8	12	7	4	11	3	 	 	3	15	0.00	36.14%	66	4	A	7	30.46	0.0
8963	9	14	15	18	14	16	18	21	3	20	0.00	87.35%	92	81	B	81	85.74	3.1	1	1	1	1	1	 	1	1	1	1	9	CR
8968	10	16	19	19	19	19	20	20	2	20	0.67	97.99%	93	88	B	88	93.00	3.7	1	1	1	1	1	1	1	1	1	1	10	CR
8993	10	15	12	17	14	 	14	19	3	20	0.00	72.89%	88	79	A	82	79.56	2.5
8996	9	16	16	17	18	16	17	18	2	20	0.00	88.55%	88	83	B	83	86.22	3.1
9022	9	15	19	17	20	16	16	14	3	20	0.00	87.95%	61	59	A	62	72.18	1.9
9028	10	16	20	17	17	19	20	20	4	20	0.67	96.18%	94	96	A	99	96.87	4
9029	7	15	20	16	11	13	12	13	5	20	0.00	76.51%	78	48	A	51	66.60	1.4
9045	9	15	16	17	16	18	18	18	5	20	0.00	88.55%	80	70	B	70	79.42	2.5
9050	6	14	15	16	15	12	15	19	0	20	0.00	79.52%	92	92	B	92	87.01	3.2
9050	10	16	15	17	14	16	16	18	0	20	0.00	85.54%	92	82	A	85	86.62	3.2
9054	9	14	18	18	17	17	17	17	5	20	0.00	88.55%	91	77	A	80	85.62	3.1	 	1	1	1	1	1	1	1	1	1	9	CR
9056	7	15	20	18	14	16	17	14	5	20	0.00	84.94%	87	89	A	92	88.18	3.3
9062	9	16	20	13	17	7	13	17	0	20	0.00	79.52%	80	64	A	67	74.61	2.1
9089	9	12	20	18	17	16	18	20	3	20	0.00	90.36%	81	55	A	58	75.54	2.2
9102	8	15	20	19	19	16	17	19	0	20	0.00	92.17%	86	90	A	93	91.27	3.5	1	1	1	1	1	1	1	1	1	1	10	CR
9111	10	16	20	19	20	18	20	21	2	20	0.00	98.80%	95	97	B	97	97.32	4
9111	10	14	18	18	17	14	19	20	1	20	0.33	90.56%	90	85	A	88	89.42	3.4	1	1	1	1	1	1	1	1	1	1	10	CR
9117	10	16	19	19	20	19	18	20	5	20	0.00	96.99%	93	88	B	88	92.60	3.6
9125	9	15	20	18	18	17	20	17	2	20	0.00	92.77%	89	73	A	76	85.31	3.0
9142	8	13	 	19	17	17	18	 	4	6	0.00	59.04%	67	24	A	27	47.81	0.0
9143	9	15	13	16	14	16	19	14	4	18	0.00	80.72%	79	75	A	78	79.29	2.5	1	1	1	1	1	1	1	1	1	1	10	CR
9163	10	15	20	16	18	20	17	19	4	20	0.00	93.37%	92	88	B	88	90.95	3.5
9171	9	15	18	18	18	15	18	19	2	20	0.00	90.36%	93	91	A	94	92.34	3.6	1	1	1	1	1	1	 	1	1	 	8	CR
9174	8	16	19	18	18	17	19	16	5	20	0.00	90.96%	87	78	A	81	86.19	3.1
9178	7	16	10	15	14	16	15	12	3	20	0.00	75.30%	69	18	A	21	52.32	0.0
9200	10	16	20	17	17	16	19	17	5	20	0.00	91.57%	86	76	B	76	84.23	3.0	1	1	1	1	1	1	1	1	1	1	10	CR
9207	9	15	14	18	19	16	19	14	0	20	0.33	86.95%	93	83	A	86	87.78	3.3	1	1	1	1	1	1	1	1	1	1	10	CR
9210	9	15	18	14	14	18	19	19	3	20	0.00	87.95%	86	77	A	80	84.38	3.0	1	1	1	1	1	1	1	1	 	1	9	CR
9241	9	15	16	15	19	15	15	19	5	20	0.00	86.14%	74	70	B	70	77.26	2.3
9241	8	15	17	15	17	18	18	19	1	15	0.00	85.54%	61	62	B	62	71.22	1.8	1	1	1	1	1	 	 	1	1	 	7	NC
9245	8	3	16	12	12	7	14	13	4	18	0.00	62.05%	78	52	A	55	62.42	1.0
9248	6	 	 	 	 	 	 	 	4	0	0.00	3.61%	47	 	 	 	10.85	0.0
9253	9	13	19	15	10	20	17	19	5	20	0.00	85.54%	87	84	B	84	85.22	3.0
9268	10	16	19	18	17	19	18	16	1	20	0.00	92.17%	66	57	B	57	72.87	2.0
9287	9	15	20	19	18	20	19	18	1	20	0.00	95.18%	96	101	B	101	97.67	4
9300	4	15	12	16	15	13	17	19	5	20	0.00	78.92%	66	72	A	75	74.77	2.1	 	 	1	1	1	1	1	1	1	1	8	CR
9302	10	15	18	13	15	15	15	15	4	20	0.00	81.93%	82	78	B	78	80.37	2.6	 	1	1	1	1	1	1	1	1	1	9	CR
9304	8	15	13	16	18	19	17	18	3	20	0.00	86.75%	83	80	B	80	83.30	2.9	 	1	1	1	1	1	1	1	1	 	8	CR
9349	7	9	12	17	8	14	17	19	5	20	0.00	74.10%	59	42	B	42	58.24	0.7	1	1	1	1	1	1	1	1	1	1	10	CR
9362	10	15	18	18	18	15	17	13	5	20	0.00	86.75%	60	60	B	60	70.70	1.8
9379	8	8	11	15	11	8	12	17	0	20	0.00	66.27%	74	70	A	73	70.51	1.8
9381	8	10	9	14	20	13	13	13	5	20	0.00	72.29%	87	71	A	74	75.92	2.2
9407	10	16	19	18	17	18	19	20	2	20	0.00	94.58%	96	89	A	92	93.83	3.8
9418	9	16	17	17	19	18	20	17	3	20	0.00	92.17%	91	81	A	84	88.67	3.3
9423	9	16	19	18	19	18	19	19	3	20	0.00	94.58%	83	69	A	72	83.23	2.9	1	1	1	1	1	1	1	1	1	1	10	CR
9455	10	16	16	18	18	17	18	20	1	20	0.00	92.17%	95	96	B	96	94.27	3.8
9497	10	14	18	17	16	13	19	18	0	20	1.00	87.95%	94	82	A	85	87.98	3.3	1	1	1	1	1	1	1	1	1	1	10	CR
9499	 	 	 	 	 	 	 	 	0	0	0.00	0.00%	 	 	 	 	0.00	0.0
9506	10	15	17	19	16	14	18	16	4	20	0.00	87.35%	86	55	A	58	75.34	2.2
9511	8	16	8	9	8	14	14	17	3	20	0.00	68.67%	81	80	B	80	75.67	2.2	1	1	1	1	1	1	1	1	1	1	10	CR
9541	10	16	19	19	19	16	19	19	1	20	0.00	94.58%	92	82	A	85	90.23	3.5	1	1	1	1	1	1	1	1	1	 	9	CR
9560	8	15	14	13	13	12	14	18	2	20	0.00	76.51%	57	53	B	53	63.20	1.1	1	1	1	1	 	1	1	 	1	 	7	NC
9562	9	14	18	16	18	16	18	16	4	20	0.00	87.35%	76	65	B	65	76.14	2.2	1	1	1	1	1	1	1	1	 	1	9	CR
9573	9	16	20	18	17	15	13	17	5	20	0.00	87.35%	83	78	A	81	83.94	2.9
9589	9	16	20	19	19	18	20	19	0	20	0.00	96.39%	91	91	B	91	93.15	3.7
9593	9	16	20	18	16	17	19	19	4	20	0.00	92.77%	92	84	A	87	90.31	3.5	1	1	1	1	1	1	1	1	1	1	10	CR
9600	9	16	19	16	13	18	18	19	2	20	0.00	89.16%	80	85	B	85	85.66	3.1	1	1	1	1	1	1	1	1	1	1	10	CR
9602	10	16	15	17	17	18	19	16	5	20	3.33	91.16%	59	46	A	49	67.87	1.5	1	1	1	1	1	1	1	1	1	1	10	CR
9606	7	15	18	18	18	16	20	19	0	20	0.00	90.96%	88	92	A	95	91.99	3.6
9622	10	16	19	17	17	20	20	18	4	20	0.33	94.78%	81	75	A	78	85.31	3.0	1	1	1	1	1	1	1	1	1	1	10	CR
9631	6	15	13	17	15	16	16	14	5	20	1.00	80.12%	73	64	A	67	73.45	2.0	 	1	1	1	1	1	1	1	1	1	9	CR
9648	7	14	9	14	 	 	 	 	5	0	0.00	26.51%	47	6	A	9	23.60	0.0	1	1	1	 	1	1	 	1	1	 	7	NC
9660	8	15	20	18	18	17	18	18	3	20	0.00	91.57%	85	81	A	84	87.23	3.2
9677	10	16	19	17	18	17	19	16	0	20	0.00	91.57%	87	77	A	80	86.03	3.1	1	1	1	1	1	1	1	1	1	 	9	CR
9687	10	14	19	17	15	13	13	19	5	20	0.00	84.34%	90	79	B	79	83.33	2.9	1	1	1	1	1	1	1	1	1	1	10	CR
9742	7	16	14	18	17	17	18	14	3	20	0.00	84.94%	81	61	B	61	74.58	2.1
9746	10	16	20	20	19	19	20	20	1	20	0.00	98.80%	95	95	A	98	97.72	4
9752	10	16	20	19	19	19	19	20	4	20	0.00	97.59%	95	96	B	96	96.44	4	1	1	1	1	1	1	1	1	1	1	10	CR
9755	8	14	13	15	11	9	16	15	5	20	0.00	72.89%	78	70	B	70	72.76	1.9
9755	8	14	18	11	14	 	2	11	5	20	0.00	59.04%	69	41	A	44	55.01	0.0	 	1	1	1	1	1	1	 	1	1	8	CR
9798	9	14	14	18	15	14	20	20	5	20	0.00	86.75%	76	84	A	87	84.70	3.0
9826	10	15	18	18	18	18	20	16	1	20	0.00	92.17%	95	91	B	91	92.27	3.6	1	1	1	1	1	 	1	 	1	1	8	CR
9846	9	14	18	17	18	17	18	16	0	15	0.00	85.54%	79	80	A	83	83.22	2.9
9859	10	16	20	15	17	18	20	15	4	20	0.00	90.96%	70	66	B	66	76.79	2.3	1	1	 	1	1	1	1	1	1	1	9	CR
9860	9	15	19	17	19	17	18	20	2	20	0.00	92.77%	92	89	A	92	92.31	3.6
9881	6	14	18	16	15	12	18	18	3	20	0.00	82.53%	87	48	A	51	70.81	1.8
9886	9	16	19	15	12	18	17	16	1	20	2.00	86.75%	69	60	A	63	73.70	2.0	1	1	1	1	1	1	1	1	1	1	10	CR
9895	9	15	20	16	18	20	18	21	0	20	0.00	94.58%	98	90	B	90	93.43	3.7
9910	10	16	20	18	20	19	19	18	1	20	0.00	96.39%	86	93	A	96	94.15	3.8	1	1	1	1	1	1	1	1	1	 	9	CR
9912	9	10	7	18	16	18	2	15	3	20	0.33	69.48%	69	48	B	48	60.79	0.9	1	1	1	1	1	1	1	1	1	1	10	CR
9918	10	15	 	 	5	 	 	 	5	0	0.00	18.07%	69	39	A	42	37.83	0.0
9922	9	16	18	19	17	19	15	15	3	20	0.33	89.36%	89	87	B	87	88.34	3.3
9922	7	9	8	 	 	 	 	 	5	18	0.00	25.30%	55	4	A	7	23.92	0.0
9923	10	16	20	15	14	12	16	18	3	20	0.00	84.94%	86	71	A	74	80.78	2.7
9924	10	15	15	16	19	16	13	18	1	20	0.00	85.54%	94	85	A	88	88.22	3.3	1	1	1	1	1	1	1	1	1	1	10	CR

mean	8.8	14.9	17.5	16.7	16.5	16.0	16.9	17.0	2.9	18.9	0.2	82.9%	82.4	75.3	 	77.1	79.2	2.6
median	9	15	18	17	17	17	18	18	3	20	0	88.0%	86	80	 	82	84.6	3