
last 4 digits of sid	assign1	assign2	assign3	assign4	assign5	assign6	assign7	assign8	Late_Days	section	explore	weekly %	midterm	final	total	grade
1011	10	16	20	20	20	20	20	20	 	20	0.00	100.00%	101	98	99.40	4.0
5462	10	16	20	20	20	19	20	20	 	20	0.67	99.80%	101	98	99.32	4.0
522	10	16	20	20	20	18	18	20	3	20	0.00	97.59%	97	98	97.64	4.0
5226	8	16	20	20	20	20	20	19	5	20	0.00	98.19%	95	98	97.48	4.0
2181	10	16	20	20	20	18	20	19	1	20	0.33	98.39%	101	93	96.76	4.0
4300	10	15	20	19	19	19	19	20	2	20	0.00	96.99%	92	98	96.40	4.0
3945	9	14	20	19	19	19	18	20	3	20	1.67	96.18%	91	99	96.27	4.0
1551	8	15	19	20	19	18	20	20	3	20	0.00	95.78%	95	97	96.11	4.0
2290	9	16	20	19	19	20	20	20	3	20	0.00	98.19%	91	96	95.88	4.0
1205	10	16	19	20	20	20	19	18	2	20	0.00	97.59%	98	93	95.84	4.0
6818	10	16	20	19	19	17	19	17	3	20	0.00	94.58%	100	95	95.83	4.0
1960	9	15	20	18	19	17	18	19	1	20	0.00	93.37%	97	97	95.55	4.0
4776	10	16	19	20	18	20	19	20	5	20	0.67	97.99%	93	94	95.40	4.0
3375	9	16	20	20	18	19	18	19	 	20	0.00	95.78%	95	95	95.31	4.0
9753	10	16	19	19	20	18	20	19	 	20	0.00	96.99%	93	94	95.00	4.0
8903	10	16	20	18	20	19	20	19	 	20	0.00	97.59%	99	90	94.84	4.0
2644	10	16	19	19	19	18	20	18	5	20	0.00	95.78%	94	94	94.71	4.0
8290	10	16	20	20	19	17	18	19	3	20	0.00	95.78%	94	94	94.71	4.0
2586	7	15	18	20	18	17	19	18	2	20	0.00	91.57%	89	100	94.43	4.0
236	10	16	20	18	20	19	16	20	 	20	0.00	95.78%	89	95	94.11	3.9
342	10	16	20	17	19	19	16	20	 	20	0.00	94.58%	97	92	94.03	3.9
2387	10	14	20	19	19	18	19	17	 	20	0.00	93.98%	98	92	93.99	3.9
2012	10	16	19	19	19	14	18	20	 	20	0.00	93.37%	95	94	93.95	3.9
2759	9	16	20	20	19	19	20	19	1	20	0.00	97.59%	86	94	93.84	3.9
3907	10	16	20	20	19	19	20	19	 	20	0.00	98.19%	92	90	93.68	3.9
5344	10	16	20	20	19	20	20	17	 	20	0.00	97.59%	99	87	93.64	3.9
241	9	16	19	20	18	18	20	20	1	20	0.33	96.59%	95	90	93.63	3.9
855	9	16	20	19	19	20	18	19	 	20	0.00	96.39%	87	94	93.55	3.9
9040	9	16	18	18	15	18	16	20	 	20	0.00	90.36%	95	96	93.54	3.9
692	9	15	19	19	16	17	18	19	1	20	0.00	91.57%	96	94	93.43	3.9
1961	10	15	20	19	17	20	18	20	 	20	0.00	95.78%	87	94	93.31	3.9
9268	9	16	20	19	18	18	19	20	5	20	0.00	95.78%	87	94	93.31	3.9
1512	9	16	18	20	18	16	19	18	2	20	0.00	92.77%	91	95	93.31	3.9
1634	10	16	19	19	19	20	19	20	 	20	0.00	97.59%	87	92	93.24	3.9
5779	8	16	20	19	19	19	20	19	2	20	0.00	96.39%	89	92	93.15	3.9
1601	10	16	20	18	18	20	17	20	5	20	0.00	95.78%	96	89	93.11	3.9
1254	7	16	19	18	19	19	19	20	2	20	1.00	95.18%	91	92	93.07	3.9
5690	9	16	15	20	18	19	18	18	4	20	0.00	92.17%	91	95	93.07	3.9
9180	10	16	20	20	20	20	18	20	5	20	2.00	100.00%	95	85	93.00	3.8
1258	9	16	20	20	17	20	19	20	 	20	0.00	96.99%	95	88	93.00	3.8
3560	10	16	20	20	20	19	17	19	5	20	0.00	96.99%	95	88	93.00	3.8
1590	8	15	19	18	18	19	18	20	3	20	0.00	93.37%	92	93	92.95	3.8
769	10	16	20	19	18	19	17	18	 	20	0.00	94.58%	89	93	92.83	3.8
3459	10	15	18	18	16	18	19	18	1	20	0.00	91.57%	89	96	92.83	3.8
4248	10	16	20	17	17	18	17	18	 	20	0.00	92.17%	95	92	92.67	3.8
5520	10	16	19	20	19	20	18	20	4	20	0.00	97.59%	98	85	92.64	3.8
1542	9	15	19	16	18	15	18	17	 	20	0.00	88.55%	92	97	92.62	3.8
5445	9	16	20	20	20	20	19	19	5	20	0.00	98.19%	92	87	92.48	3.8
600	8	16	20	19	15	18	19	18	 	20	0.00	92.17%	92	93	92.47	3.8
1168	8	15	18	17	20	17	19	18	5	20	0.00	91.57%	91	94	92.43	3.8
1092	10	16	19	20	19	19	19	19	5	20	0.00	96.99%	86	91	92.40	3.8
2371	9	16	19	18	16	18	17	18	 	20	0.00	90.96%	94	93	92.39	3.8
6382	8	15	20	17	14	18	20	16	 	20	1.33	89.96%	94	94	92.38	3.8
2577	10	16	18	19	19	19	18	19	1	20	0.00	95.18%	91	90	92.27	3.8
8144	8	16	20	19	19	20	20	18	 	20	0.33	96.59%	94	87	92.23	3.8
5200	8	16	20	19	20	15	19	19	4	20	0.00	93.98%	95	89	92.19	3.8
1920	9	16	20	20	20	19	19	20	 	20	0.33	98.39%	86	89	92.16	3.8
1823	9	15	17	18	19	13	19	20	1	20	0.00	90.36%	90	95	92.14	3.7
1729	10	16	20	18	17	18	16	19	3	20	0.00	92.77%	95	90	92.11	3.7
9193	8	16	20	19	17	18	20	19	2	20	0.00	94.58%	91	90	92.03	3.7
1423	10	16	20	18	19	18	17	18	 	20	0.00	93.98%	88	92	91.99	3.7
6838	10	16	20	20	18	17	19	19	5	20	0.00	95.78%	92	88	91.91	3.7
630	10	16	19	20	17	19	16	18	4	20	0.00	93.37%	90	91	91.75	3.7
5811	10	16	19	19	19	20	16	20	 	20	0.00	95.78%	91	88	91.71	3.7
4565	7	16	20	17	19	18	19	19	2	20	0.00	93.37%	93	89	91.55	3.7
41	9	16	20	19	18	17	19	18	1	20	0.33	94.18%	91	89	91.47	3.7
672	10	16	20	20	19	19	18	18	 	20	0.00	96.39%	82	91	91.35	3.7
2921	10	15	19	19	18	16	15	19	3	18	0.00	89.76%	97	90	91.30	3.7
9959	10	15	18	19	17	17	19	18	 	20	0.00	92.17%	94	89	91.27	3.7
2148	10	16	20	19	20	19	18	20	5	20	0.00	97.59%	89	86	91.24	3.7
435	10	16	19	18	19	18	17	20	3	20	0.00	94.58%	91	88	91.23	3.7
291	10	16	20	19	18	18	20	18	2	20	2.00	96.99%	84	89	91.20	3.7
4273	9	15	17	18	19	18	19	19	1	20	0.00	92.77%	92	89	91.11	3.7
6429	10	16	20	17	18	19	17	17	1	20	0.00	92.77%	92	89	91.11	3.7
6434	9	16	19	19	19	18	17	17	4	20	0.00	92.77%	88	91	91.11	3.7
8927	10	15	20	17	17	19	17	19	4	20	0.00	92.77%	86	92	91.11	3.7
1102	10	15	18	15	18	19	18	17	4	18	0.00	89.16%	97	90	91.06	3.7
1540	9	16	20	18	19	20	18	20	2	20	0.00	96.39%	90	86	90.95	3.6
4275	7	15	20	19	19	19	20	18	 	20	0.33	94.78%	89	88	90.91	3.6
9051	10	16	18	20	18	19	17	20	2	20	0.00	95.18%	88	88	90.87	3.6
937	9	16	19	17	18	19	19	15	5	20	0.00	91.57%	77	97	90.83	3.6
295	9	16	19	17	17	13	19	20	 	20	0.00	90.36%	93	90	90.74	3.6
983	9	16	20	19	17	18	16	17	 	20	0.00	91.57%	94	88	90.63	3.6
9305	9	16	19	18	19	19	18	13	1	15	0.00	87.95%	95	91	90.58	3.6
7675	10	16	20	18	18	13	10	16	3	20	0.00	84.94%	97	93	90.58	3.6
5178	10	16	17	18	16	18	16	19	 	9	0.00	83.73%	91	97	90.49	3.6
7961	10	16	19	19	19	18	17	20	1	20	0.00	95.18%	83	89	90.27	3.6
7528	10	15	19	18	18	18	19	20	1	20	0.00	94.58%	92	85	90.23	3.6
447	9	15	20	20	17	15	19	20	1	20	0.00	93.37%	88	88	90.15	3.6
823	9	16	20	19	8	17	17	20	3	20	0.67	88.35%	86	94	90.14	3.6
4765	9	15	19	10	16	17	17	20	 	20	0.00	86.14%	94	92	90.06	3.6
4410	9	16	19	19	20	20	19	19	1	20	0.00	96.99%	92	82	90.00	3.6
4478	10	16	18	20	19	18	18	14	 	20	1.00	92.77%	83	90	89.71	3.6
225	9	16	20	17	19	15	17	17	 	20	0.00	90.36%	95	86	89.54	3.6
1684	10	16	19	18	17	14	17	19	 	20	0.00	90.36%	100	83	89.34	3.6
5502	10	16	18	20	18	15	16	17	 	20	0.00	90.36%	96	85	89.34	3.6
2932	9	16	19	20	20	19	18	18	1	20	0.00	95.78%	89	83	89.31	3.6
234	7	15	15	18	16	16	17	16	 	20	0.00	84.34%	89	94	89.13	3.6
2575	9	16	20	15	18	16	20	20	5	20	0.00	92.77%	92	84	89.11	3.6
6108	9	16	20	18	17	18	19	19	 	20	0.33	94.18%	77	90	89.07	3.6
7336	10	16	20	18	18	17	17	19	 	20	0.00	93.37%	92	83	88.95	3.5
1345	8	16	19	17	19	15	18	17	 	20	0.00	89.76%	91	87	88.90	3.5
3548	10	16	19	18	18	18	18	17	5	15	0.00	89.76%	93	86	88.90	3.5
1881	10	16	20	19	19	18	19	17	3	20	0.00	95.18%	92	81	88.87	3.5
5002	9	16	19	16	16	16	19	19	2	20	0.00	90.36%	79	92	88.74	3.5
722	9	15	20	20	19	18	19	19	 	20	0.00	95.78%	90	81	88.71	3.5
2546	10	15	16	19	16	13	16	18	 	20	0.00	86.14%	95	88	88.66	3.5
8536	8	16	17	14	16	16	15	15	3	20	0.00	82.53%	88	95	88.61	3.5
8257	8	15	17	20	19	19	17	20	 	20	0.00	93.37%	88	84	88.55	3.5
183	9	16	20	18	16	19	17	14	2	20	0.67	90.16%	90	86	88.46	3.5
5921	8	12	20	15	18	18	19	18	5	15	0.00	86.14%	94	88	88.46	3.5
956	10	16	19	20	18	20	18	16	1	20	0.00	94.58%	91	81	88.43	3.5
2896	9	15	20	18	16	16	18	18	 	20	0.00	90.36%	89	86	88.34	3.5
3437	10	16	20	19	18	18	19	19	2	20	0.00	95.78%	84	83	88.31	3.5
7678	8	16	19	19	18	17	18	19	2	20	0.00	92.77%	88	84	88.31	3.5
83	6	16	20	18	19	18	14	16	5	20	0.00	88.55%	91	86	88.02	3.5
1151	10	15	20	19	20	12	8	19	 	18	0.00	84.94%	90	90	87.98	3.5
1871	9	15	15	20	18	18	20	20	3	20	0.00	93.37%	81	86	87.95	3.5
1777	10	16	19	17	18	17	17	20	3	20	0.00	92.77%	94	80	87.91	3.5
9831	10	14	20	18	19	19	16	18	1	20	0.00	92.77%	86	84	87.91	3.5
8616	9	16	20	18	16	14	15	14	 	20	0.00	85.54%	72	98	87.82	3.5
9674	8	15	20	16	18	19	20	16	5	20	1.33	92.37%	82	86	87.75	3.5
1461	10	16	20	19	16	17	15	14	1	20	0.00	88.55%	93	84	87.62	3.5
1264	9	15	20	19	20	18	18	20	 	20	2.00	96.99%	90	77	87.60	3.5
873	8	16	19	20	16	15	18	18	 	20	0.00	90.36%	99	79	87.54	3.5
8873	8	16	20	17	15	20	20	18	5	20	0.00	92.77%	76	88	87.51	3.5
2114	9	16	19	17	16	18	19	17	2	20	0.00	90.96%	83	86	87.39	3.5
6058	8	15	17	19	15	15	17	18	 	20	0.00	86.75%	91	86	87.30	3.5
7534	10	15	19	18	19	19	19	17	4	20	0.00	93.98%	92	78	87.19	3.4
8051	9	16	19	20	16	18	19	17	5	20	0.00	92.77%	80	85	87.11	3.4
1006	10	16	18	19	19	20	18	18	3	20	0.00	95.18%	93	76	87.07	3.4
1654	8	16	20	17	17	17	20	16	5	20	0.00	90.96%	81	86	86.99	3.4
2248	10	16	20	20	20	20	20	19	5	20	0.00	99.40%	88	74	86.96	3.4
2556	10	16	20	19	20	18	18	20	5	20	2.33	98.39%	86	76	86.96	3.4
7789	7	16	19	19	20	20	19	20	3	20	0.00	96.39%	88	77	86.95	3.4
4395	9	16	19	19	18	14	16	20	3	20	0.33	91.16%	88	82	86.87	3.4
717	10	16	20	18	14	17	14	18	 	20	0.00	88.55%	91	83	86.82	3.4
8098	6	15	12	10	16	18	19	16	5	20	0.00	79.52%	93	91	86.81	3.4
9301	9	16	20	20	19	19	20	18	5	20	0.00	96.99%	83	78	86.60	3.4
250	9	16	20	17	19	14	17	19	5	20	0.00	90.96%	87	82	86.59	3.4
567	8	12	18	16	16	16	18	15	3	20	0.00	83.73%	87	89	86.49	3.4
8113	9	16	20	16	19	16	19	16	 	20	1.00	91.57%	79	85	86.43	3.4
3430	10	15	20	15	17	20	16	18	 	20	0.00	90.96%	86	82	86.39	3.4
9927	9	16	20	16	17	16	20	17	5	20	0.00	90.96%	86	82	86.39	3.4
2487	9	16	20	17	19	17	9	18	4	20	0.00	87.35%	83	87	86.34	3.4
6032	8	16	20	18	19	16	12	19	4	20	0.00	89.16%	89	82	86.26	3.4
3470	10	15	20	20	18	19	18	17	5	20	1.67	95.58%	84	78	86.23	3.3
9745	8	16	20	15	17	18	18	14	3	15	0.00	84.94%	82	89	85.98	3.3
498	7	15	18	18	18	15	18	18	 	20	0.00	88.55%	86	83	85.82	3.3
7542	9	16	20	16	16	18	17	19	 	20	0.00	90.96%	83	82	85.79	3.3
1145	9	15	20	18	16	17	15	19	4	20	0.00	89.76%	83	83	85.70	3.3
50	9	16	19	20	19	14	15	16	5	20	0.00	89.16%	82	84	85.66	3.3
2314	10	15	19	16	20	15	19	18	4	20	0.00	91.57%	94	75	85.43	3.3
4392	9	16	17	18	16	20	17	17	 	20	0.00	90.36%	78	84	85.34	3.3
4613	8	16	20	18	16	18	18	18	 	20	0.00	91.57%	87	78	85.23	3.2
4265	8	16	20	20	17	18	20	19	 	20	0.00	95.18%	91	72	85.07	3.2
830	9	16	20	19	20	18	20	20	 	20	0.00	97.59%	84	73	85.04	3.2
8614	10	15	19	20	18	19	20	20	 	20	0.00	96.99%	89	71	85.00	3.2
1015	9	14	20	15	17	18	18	15	4	20	0.00	87.95%	89	80	84.98	3.2
396	10	16	20	19	20	18	18	19	5	20	0.00	96.39%	84	74	84.95	3.2
42	9	16	20	19	19	18	19	20	2	20	0.33	96.59%	93	69	84.83	3.2
7924	10	15	18	19	17	18	16	18	 	20	0.00	90.96%	86	78	84.79	3.2
1440	8	16	19	18	17	11	16	16	 	20	0.00	84.94%	90	82	84.78	3.2
1448	8	16	20	19	20	18	20	20	3	20	0.00	96.99%	85	72	84.60	3.2
965	9	16	19	18	15	17	18	19	3	20	0.00	90.96%	83	79	84.59	3.2
9696	9	15	18	16	15	18	15	20	 	20	0.00	87.95%	81	83	84.58	3.2
1041	9	16	20	20	19	18	19	19	3	20	0.00	96.39%	82	74	84.55	3.2
6130	9	15	20	18	19	16	18	20	2	20	0.00	93.37%	82	77	84.55	3.2
602	9	16	19	19	17	17	18	15	 	20	0.00	90.36%	94	74	84.54	3.2
4802	9	16	18	20	 	13	18	18	2	20	0.00	79.52%	83	90	84.41	3.2
3693	9	16	17	18	20	18	19	18	4	20	0.00	93.37%	96	69	84.15	3.1
3877	8	14	18	18	16	14	1	13	1	3	0.00	63.25%	100	97	84.10	3.1
7950	10	16	20	20	18	17	20	16	4	9	0.00	87.95%	96	74	83.98	3.1
2547	8	16	20	20	18	20	19	18	3	20	0.00	95.78%	86	71	83.91	3.1
9318	10	16	19	19	19	20	18	18	4	20	0.00	95.78%	78	75	83.91	3.1
6747	9	13	18	20	20	20	18	20	 	20	0.00	95.18%	83	73	83.87	3.1
2805	9	15	19	16	16	15	15	17	4	20	0.00	85.54%	92	78	83.82	3.1
1410	8	16	19	16	19	18	14	16	5	20	0.00	87.95%	87	78	83.78	3.1
355	8	14	19	18	15	12	19	16	4	20	0.00	84.94%	93	78	83.78	3.1
7560	8	16	19	19	17	17	17	17	 	20	0.00	90.36%	88	75	83.74	3.1
497	10	16	19	16	19	17	18	18	 	20	0.00	92.17%	72	81	83.67	3.1
427	7	15	20	16	12	13	12	15	 	20	0.00	78.31%	85	88	83.53	3.1
675	9	15	20	19	19	18	15	19	5	20	0.00	92.77%	86	73	83.51	3.1
2351	10	16	17	19	15	18	15	18	4	20	0.00	89.16%	91	74	83.46	3.1
6242	7	16	19	20	18	15	18	19	3	20	0.00	91.57%	86	74	83.43	3.1
7454	5	16	19	16	15	13	8	14	2	20	0.00	75.90%	87	89	83.36	3.1
1479	10	16	16	20	20	17	19	19	 	20	0.00	94.58%	85	71	83.23	3.0
728	7	16	18	19	13	20	19	14	5	20	0.00	87.95%	90	75	83.18	3.0
1421	10	16	18	18	17	18	15	17	 	20	0.00	89.76%	86	75	83.10	3.0
9803	10	16	19	19	15	19	16	16	4	20	0.00	90.36%	82	76	82.94	3.0
4004	10	16	17	14	20	9	 	13	 	20	0.00	71.69%	93	89	82.87	3.0
8252	10	13	20	18	18	20	19	19	1	20	0.00	94.58%	85	70	82.83	3.0
9193	6	16	19	18	19	18	20	15	4	20	0.00	90.96%	82	75	82.79	3.0
898	8	13	13	15	16	18	19	16	1	20	0.00	83.13%	83	82	82.65	3.0
977	9	16	20	19	18	16	18	19	5	20	0.00	93.37%	82	72	82.55	3.0
655	10	14	20	19	17	18	20	15	4	20	0.00	92.17%	86	71	82.47	3.0
1939	10	16	20	20	18	18	18	19	 	20	0.00	95.78%	76	72	82.31	3.0
1987	6	15	19	15	17	17	15	20	 	20	0.00	86.75%	84	77	82.30	3.0
4705	10	16	12	19	20	16	18	13	3	20	0.00	86.75%	88	75	82.30	3.0
144	9	16	16	16	18	16	13	18	4	20	0.00	85.54%	86	77	82.22	2.9
797	10	16	19	18	16	16	13	18	4	20	0.00	87.95%	87	74	82.18	2.9
4527	10	15	20	18	19	19	16	16	3	20	0.00	92.17%	86	70	82.07	2.9
328	8	16	16	19	16	17	12	19	2	20	0.00	86.14%	84	77	82.06	2.9
1917	10	15	18	17	14	14	17	17	4	20	0.00	85.54%	89	75	82.02	2.9
6213	9	16	19	17	17	16	18	19	1	20	0.00	90.96%	90	69	81.99	2.9
7873	9	15	18	16	17	16	16	19	4	20	0.00	87.95%	84	75	81.98	2.9
5790	10	15	15	20	16	13	17	17	2	20	0.00	86.14%	87	75	81.86	2.9
1830	10	16	16	19	20	15	17	19	 	20	0.00	91.57%	86	70	81.83	2.9
1792	9	15	20	19	18	20	20	15	5	20	0.00	93.98%	85	68	81.79	2.9
82	8	16	19	18	0	15	19	17	 	9	0.00	72.89%	81	91	81.76	2.9
909	9	15	20	18	17	13	14	19	2	20	0.00	87.35%	80	77	81.74	2.9
9972	10	15	20	19	19	17	18	19	4	20	0.00	94.58%	89	65	81.63	2.9
703	6	16	15	20	14	18	15	19	5	18	0.00	84.94%	80	79	81.58	2.9
1965	9	15	19	18	14	10	12	17	1	20	0.00	80.72%	82	82	81.49	2.9
9939	9	16	20	19	18	17	16	16	2	20	0.00	90.96%	79	73	81.39	2.9
6880	9	16	18	16	20	16	17	14	3	20	0.00	87.95%	93	69	81.38	2.9
9791	10	16	19	20	20	18	20	19	5	18	0.00	96.39%	90	62	81.35	2.9
7026	8	16	20	17	19	15	17	17	4	20	0.00	89.76%	73	77	81.30	2.9
5412	9	15	16	19	14	16	20	19	3	20	0.00	89.16%	76	76	81.26	2.9
6157	9	15	19	18	16	18	17	12	1	20	0.67	87.15%	64	84	81.26	2.9
11	7	16	19	18	19	17	15	16	 	20	0.00	88.55%	81	74	81.22	2.8
6027	8	16	17	17	18	19	16	16	5	20	0.00	88.55%	85	72	81.22	2.8
116	9	16	16	15	15	15	15	16	4	20	0.00	82.53%	95	73	81.21	2.8
6902	9	16	20	20	16	14	20	16	 	20	0.00	90.96%	90	67	81.19	2.8
5869	8	15	20	19	17	19	20	18	5	20	0.00	93.98%	87	65	80.99	2.8
6413	9	15	19	20	19	16	19	19	1	20	0.00	93.98%	77	70	80.99	2.8
6278	9	16	20	19	19	19	18	17	2	18	0.00	93.37%	88	65	80.95	2.8
1866	8	15	18	17	19	18	16	17	2	20	0.00	89.16%	90	68	80.86	2.8
4285	8	16	20	19	18	18	17	16	 	20	0.00	91.57%	91	65	80.83	2.8
638	9	15	17	15	13	14	17	17	3	20	0.00	82.53%	84	77	80.61	2.8
5393	10	 	16	19	15	16	16	14	 	15	0.00	72.89%	93	82	80.56	2.8
8171	9	15	18	19	16	12	10	14	5	20	0.00	80.12%	78	82	80.45	2.8
6562	8	15	20	17	15	20	18	19	4	20	0.00	91.57%	91	64	80.43	2.8
2193	10	16	20	19	19	13	15	20	5	15	0.00	88.55%	77	74	80.42	2.8
3035	9	15	13	19	17	13	12	18	 	20	0.00	81.93%	76	81	80.37	2.8
117	9	15	14	15	18	19	19	19	4	20	0.00	89.16%	83	70	80.26	2.8
714	9	15	19	16	16	17	15	19	 	20	0.00	87.95%	87	69	80.18	2.7
5645	7	11	20	17	17	18	17	19	3	20	0.00	87.95%	87	69	80.18	2.7
4238	7	15	15	19	17	18	17	17	5	15	0.00	84.34%	82	75	80.13	2.7
1558	10	15	20	19	16	17	17	20	 	20	0.00	92.77%	89	63	80.11	2.7
1984	8	16	17	17	16	16	17	10	 	20	0.00	82.53%	87	74	80.01	2.7
194	10	16	18	20	0	17	17	17	3	20	0.00	81.33%	79	79	79.93	2.7
2266	7	14	16	17	16	16	15	17	 	20	0.00	83.13%	77	78	79.85	2.7
8453	10	16	19	19	15	17	19	18	2	20	0.00	92.17%	93	60	79.47	2.7
2439	9	16	20	19	12	18	19	18	 	20	0.33	91.16%	83	66	79.47	2.7
5609	7	16	20	18	15	17	15	10	4	20	0.00	83.13%	77	77	79.45	2.7
1209	9	16	19	18	12	16	16	14	5	20	0.00	84.34%	90	69	79.33	2.7
1173	10	15	17	20	14	18	18	17	2	20	0.00	89.76%	87	65	79.30	2.7
190	10	16	20	19	15	20	17	20	 	20	0.00	94.58%	87	60	79.23	2.6
5094	6	16	19	18	18	18	18	19	4	20	0.00	91.57%	81	66	79.23	2.6
2397	10	16	20	15	16	13	17	18	5	12	0.00	82.53%	83	74	79.21	2.6
2232	10	16	19	20	18	15	19	19	5	20	0.00	93.98%	88	60	79.19	2.6
1851	9	16	20	19	17	16	16	17	 	20	0.00	90.36%	81	67	79.14	2.6
7613	9	16	15	17	9	14	19	16	 	20	0.00	81.33%	71	81	79.13	2.6
4972	10	15	17	19	17	15	14	16	5	20	0.00	86.14%	73	75	79.06	2.6
5077	9	15	18	18	16	14	17	19	2	15	0.00	84.94%	79	73	78.98	2.6
3174	10	16	19	20	19	18	18	17	 	20	0.00	94.58%	77	64	78.83	2.6
5695	9	14	19	18	17	16	14	14	4	20	0.00	84.94%	86	69	78.78	2.6
336	9	14	16	15	16	19	12	15	 	20	0.00	81.93%	89	70	78.57	2.6
3006	8	15	15	 	15	15	15	13	1	20	0.00	69.88%	95	79	78.55	2.6
4024	8	15	17	15	14	16	18	19	 	20	2.00	86.75%	81	69	78.50	2.6
3357	6	16	18	15	13	14	15	14	 	18	0.00	77.71%	73	82	78.48	2.6
4383	10	15	17	17	18	18	15	11	 	20	0.00	84.94%	82	70	78.38	2.6
5441	10	16	20	19	20	20	16	18	1	20	0.00	95.78%	84	58	78.31	2.6
829	9	15	17	17	17	13	17	14	1	20	0.00	83.73%	82	71	78.29	2.6
4321	7	16	16	16	13	10	17	13	5	20	0.00	77.11%	81	78	78.24	2.5
612	9	14	17	14	19	15	17	17	5	20	0.00	85.54%	90	65	78.22	2.5
4070	10	15	18	19	11	19	14	16	4	20	0.67	85.94%	81	69	78.18	2.5
2997	9	15	20	14	16	15	19	17	5	20	0.67	87.75%	81	67	78.10	2.5
9398	8	15	19	17	16	12	16	14	3	20	0.00	82.53%	87	69	78.01	2.5
3953	9	15	19	15	15	10	17	15	2	20	0.00	81.33%	83	72	77.93	2.5
1988	9	16	19	19	15	17	19	14	3	20	0.00	89.16%	83	64	77.86	2.5
2173	9	16	14	17	19	18	14	11	 	20	0.00	83.13%	87	68	77.85	2.5
4972	10	16	18	17	17	20	19	15	5	20	0.67	91.97%	73	66	77.79	2.5
9411	10	15	19	15	18	20	 	18	4	12	0.00	76.51%	85	75	77.60	2.5
789	10	15	19	18	18	19	14	17	5	20	0.00	90.36%	83	62	77.54	2.5
8376	7	16	8	17	20	16	16	15	5	20	0.00	81.33%	89	68	77.53	2.5
842	8	16	19	18	14	20	18	20	3	20	0.00	92.17%	88	57	77.27	2.5
6254	9	16	19	20	0	19	18	19	2	20	0.00	84.34%	87	65	77.13	2.4
2544	9	16	19	17	15	13	17	16	4	15	0.00	82.53%	68	76	77.01	2.4
2040	10	16	20	19	19	15	18	18	3	20	0.00	93.37%	76	61	76.95	2.4
6448	7	15	14	16	18	9	18	13	5	20	0.00	78.31%	88	70	76.93	2.4
4425	9	15	20	15	15	18	17	 	 	15	0.00	74.70%	87	74	76.88	2.4
1349	8	16	19	15	0	16	14	18	 	20	0.00	75.90%	78	77	76.76	2.4
1752	9	15	17	20	18	19	19	18	4	20	0.00	93.37%	81	58	76.75	2.4
8060	10	16	20	18	19	17	18	16	 	20	0.00	92.77%	88	55	76.71	2.4
9374	10	16	19	19	16	19	18	18	5	20	0.00	93.37%	76	60	76.55	2.4
1931	8	15	17	14	16	16	12	9	5	18	0.00	75.30%	78	77	76.52	2.4
9702	9	14	15	17	14	20	18	19	5	20	0.00	87.95%	78	64	76.38	2.4
141	9	15	19	18	18	19	17	20	2	20	0.00	93.37%	77	59	76.35	2.4
8483	9	15	20	18	13	12	16	15	5	20	0.00	83.13%	65	75	76.25	2.4
502	10	16	20	20	20	20	19	19	5	20	0.00	98.80%	78	52	75.92	2.3
953	7	16	19	17	18	14	15	18	5	20	0.00	86.75%	80	63	75.90	2.3
8069	7	15	19	16	15	13	16	18	5	15	0.00	80.72%	85	66	75.69	2.3
811	10	16	20	20	19	19	18	18	5	20	0.00	96.39%	66	59	75.35	2.3
1635	9	16	20	18	14	14	13	17	 	18	0.00	83.73%	79	65	75.29	2.3
9937	9	16	19	15	15	16	13	18	5	3	0.00	74.70%	73	77	75.28	2.3
3678	8	16	19	15	18	20	17	17	3	20	0.00	90.36%	75	60	75.14	2.2
3111	9	15	18	19	19	16	19	19	3	20	0.00	92.77%	72	59	75.11	2.2
9166	7	16	20	19	18	18	16	19	4	20	0.00	92.17%	79	56	75.07	2.2
558	7	15	20	15	16	12	 	16	5	18	0.00	71.69%	85	73	74.87	2.2
7600	9	16	20	20	19	17	17	19	2	20	0.00	94.58%	79	53	74.83	2.2
6234	9	16	19	17	15	17	18	16	5	20	0.00	88.55%	70	63	74.62	2.2
9253	9	14	20	15	17	11	12	19	5	18	0.00	81.33%	76	67	74.53	2.2
1271	9	14	16	17	17	12	16	15	 	20	0.33	82.13%	86	61	74.45	2.2
2209	7	16	14	 	15	14	17	15	5	20	0.00	71.08%	86	72	74.43	2.2
9187	6	16	20	18	17	20	17	18	5	20	0.00	91.57%	73	58	74.43	2.2
6454	8	16	20	18	15	19	14	19	 	20	0.00	89.76%	86	53	74.30	2.2
2484	10	15	16	16	19	16	19	17	3	18	0.00	87.95%	81	57	74.18	2.1
468	10	15	19	19	18	20	18	16	5	20	0.00	93.37%	68	58	74.15	2.1
2252	9	16	20	18	19	13	6	14	4	20	0.00	81.33%	93	57	73.93	2.1
7858	10	16	20	19	0	20	19	20	1	20	0.00	86.75%	72	62	73.90	2.1
7067	8	16	19	20	16	17	16	17	5	20	0.00	89.76%	88	50	73.50	2.1
8099	10	16	16	18	17	14	16	14	3	15	0.00	81.93%	73	65	73.37	2.1
6093	8	16	18	16	13	 	 	19	4	20	0.00	66.27%	80	77	73.31	2.1
6579	8	16	19	17	15	17	16	16	5	20	0.00	86.75%	81	56	73.30	2.1
572	7	15	19	18	18	19	16	16	5	20	0.00	89.16%	90	49	73.26	2.1
4231	9	16	19	18	16	 	 	 	 	15	0.00	56.02%	88	83	73.21	2.0
404	9	16	20	19	19	19	15	19	5	20	0.00	93.98%	76	51	73.19	2.0
5795	8	16	20	20	17	17	14	17	5	20	0.33	89.96%	69	57	72.58	2.0
7753	8	16	19	14	11	14	16	15	5	20	0.00	80.12%	76	63	72.45	2.0
810	10	16	19	19	18	20	20	19	 	20	0.00	96.99%	68	50	72.40	2.0
2760	9	16	18	17	18	7	17	18	2	20	0.00	84.34%	61	66	72.33	2.0
3412	8	16	19	16	15	19	17	16	2	20	0.33	88.15%	67	59	72.26	2.0
6836	10	15	20	18	19	17	17	18	5	20	0.00	92.77%	71	52	72.11	1.9
9997	10	15	19	16	 	 	 	17	4	12	0.00	53.61%	91	81	72.05	1.9
415	9	16	19	17	17	19	18	17	3	20	0.00	91.57%	79	49	72.03	1.9
1746	8	15	17	0	18	17	19	16	4	20	0.00	78.31%	83	59	71.53	1.9
1766	9	11	18	19	16	16	15	 	3	20	0.00	74.70%	72	68	71.48	1.9
2555	10	11	19	17	16	17	17	19	1	20	0.00	87.95%	71	55	71.38	1.9
4354	9	16	20	18	18	19	18	18	4	20	0.00	93.98%	72	48	71.19	1.8
1037	9	15	20	17	19	18	19	19	1	20	0.00	93.98%	74	47	71.19	1.8
81	8	11	13	17	15	18	16	13	2	20	0.00	78.92%	88	55	71.17	1.8
3220	9	15	17	18	10	13	14	18	4	9	0.00	74.10%	87	60	71.04	1.8
685	9	15	20	17	18	19	 	17	4	20	0.00	81.33%	83	54	70.73	1.8
593	9	15	20	18	20	18	19	17	4	20	0.00	93.98%	65	50	70.59	1.8
5487	8	15	18	16	18	17	19	16	 	20	0.00	88.55%	85	45	70.42	1.8
6494	9	11	20	17	18	15	15	18	3	20	0.00	86.14%	77	51	70.26	1.8
55	10	16	0	0	0	17	16	16	4	18	0.00	56.02%	83	78	70.21	1.7
5553	9	16	18	18	13	14	13	13	5	18	0.00	79.52%	86	53	70.21	1.7
32	9	16	19	19	19	18	17	17	1	20	0.00	92.77%	70	47	69.91	1.7
1867	9	16	18	16	12	12	12	16	5	20	0.00	78.92%	51	70	69.77	1.7
3862	9	15	19	16	16	18	17	15	5	20	0.00	87.35%	74	50	69.74	1.7
3580	10	16	19	15	16	15	14	15	1	20	0.00	84.34%	76	52	69.73	1.7
698	8	15	14	18	17	11	7	11	 	20	0.00	72.89%	82	60	69.56	1.7
8549	9	14	18	9	16	11	13	18	5	18	0.00	75.90%	81	57	69.36	1.7
4954	8	16	18	16	17	8	14	13	5	20	0.00	78.31%	70	60	69.33	1.7
1120	9	16	17	19	19	20	16	12	5	20	0.00	89.16%	78	45	69.26	1.7
1835	8	15	15	19	15	19	16	15	2	20	0.00	85.54%	79	48	69.22	1.6
131	10	15	17	15	19	15	4	16	5	20	0.00	78.92%	78	55	69.17	1.6
3304	8	12	15	12	17	11	10	16	5	20	0.00	72.89%	77	61	68.96	1.6
3676	8	14	17	20	17	17	18	18	4	20	0.00	89.76%	77	44	68.90	1.6
5382	9	16	14	17	14	17	18	16	2	20	0.00	84.94%	76	49	68.78	1.6
6332	8	15	16	14	14	13	 	16	5	9	0.00	63.25%	79	68	68.30	1.6
8425	5	10	20	16	17	17	17	17	 	20	0.00	83.73%	66	54	68.29	1.6
7496	9	16	20	18	0	18	16	18	 	18	0.00	80.12%	69	55	67.85	1.5
9397	9	13	17	17	14	12	1	19	5	20	0.00	73.49%	90	51	67.80	1.5
6100	8	13	14	20	6	13	16	18	5	20	0.00	77.11%	67	58	67.44	1.5
4311	9	16	19	19	19	19	16	18	5	20	0.00	93.37%	62	44	67.35	1.5
2281	9	16	13	18	13	19	16	15	5	20	0.00	83.73%	73	48	67.29	1.5
9390	9	14	20	17	0	8	6	12	5	20	0.00	63.86%	85	61	66.94	1.4
7678	7	16	19	18	17	16	17	19	 	20	0.00	89.76%	51	52	66.90	1.4
1413	9	15	18	13	8	8	3	12	4	20	0.00	63.86%	80	63	66.74	1.4
1253	9	11	16	18	17	19	17	15	1	20	0.00	85.54%	76	43	66.62	1.4
2767	7	15	13	15	15	14	12	11	2	15	0.00	70.48%	80	56	66.59	1.4
417	9	16	17	17	14	13	 	9	5	12	0.00	64.46%	84	60	66.58	1.4
2485	8	15	19	14	18	17	18	19	4	18	0.00	87.95%	65	46	66.58	1.4
7581	9	16	19	17	15	 	 	 	 	6	0.00	49.40%	78	77	66.16	1.3
7494	9	16	20	15	11	12	4	17	5	20	0.00	74.70%	75	53	66.08	1.3
9024	10	16	20	17	17	14	16	12	5	20	0.67	85.94%	90	34	65.98	1.3
805	10	16	19	18	17	13	6	16	 	20	0.00	81.33%	69	49	65.93	1.3
7759	10	15	9	12	10	11	17	13	5	20	0.00	70.48%	80	54	65.79	1.3
241	9	16	18	18	17	14	19	17	 	20	0.00	89.16%	70	40	65.66	1.3
1320	9	16	14	19	15	8	15	14	4	18	0.00	77.11%	81	46	65.44	1.3
623	7	16	16	19	16	7	13	15	1	20	0.00	77.71%	71	50	65.28	1.3
6655	9	16	20	18	14	17	3	16	5	20	0.00	80.12%	65	50	65.05	1.2
7696	7	16	20	15	17	18	13	14	5	20	0.00	84.34%	70	43	64.93	1.2
343	8	16	19	17	15	16	16	 	3	20	0.00	76.51%	77	46	64.40	1.2
2263	9	11	16	13	16	14	14	17	3	20	0.00	78.31%	73	46	64.33	1.2
6091	9	16	20	19	0	12	7	15	2	20	0.00	71.08%	83	47	63.83	1.1
6228	7	16	20	17	17	14	18	 	 	18	0.00	76.51%	74	46	63.80	1.1
7211	6	15	13	 	5	 	12	12	5	15	0.00	46.99%	73	76	63.80	1.1
2988	9	12	18	15	11	 	 	14	1	20	0.00	59.64%	71	64	63.66	1.1
7868	9	15	18	2	8	1	13	12	5	20	0.00	59.04%	92	54	63.61	1.1
529	8	15	17	18	16	11	5	12	2	20	0.00	73.49%	75	47	63.20	1.0
481	10	10	13	19	20	16	17	16	5	20	0.00	84.94%	74	36	63.18	1.0
1386	8	16	14	14	13	15	13	18	 	20	0.00	78.92%	78	40	63.17	1.0
7783	9	16	18	9	15	6	2	13	2	20	0.00	65.06%	67	59	63.02	1.0
2578	 	 	10	14	18	11	14	13	 	20	0.00	60.24%	84	55	62.90	1.0
4167	9	15	15	17	16	0	17	13	5	9	0.00	66.87%	74	53	62.75	1.0
5012	9	15	19	 	14	 	 	7	5	20	0.00	50.60%	82	65	62.64	1.0
7644	9	15	20	14	0	15	16	16	5	20	0.00	75.30%	65	48	62.32	1.0
5337	8	16	19	17	14	17	4	16	5	20	0.00	78.92%	66	43	61.97	0.9
2613	9	14	12	15	17	5	 	3	5	20	0.00	57.23%	81	56	61.49	0.9
1769	7	14	18	8	16	13	12	 	 	0	0.00	53.01%	90	55	61.20	0.8
8803	8	16	19	16	17	15	19	18	5	18	0.00	87.95%	69	29	60.58	0.8
203	6	16	18	13	10	8	15	16	5	20	0.00	73.49%	75	40	60.40	0.8
5269	10	16	 	16	 	17	 	 	2	18	0.00	46.39%	87	60	59.95	0.7
7753	7	16	18	0	0	15	 	15	4	20	0.00	54.82%	78	56	59.93	0.7
1259	8	9	15	 	7	16	7	11	5	20	0.00	56.02%	73	57	59.81	0.7
7802	7	15	16	16	0	 	16	14	5	6	0.00	54.22%	74	58	59.69	0.7
2392	9	15	17	17	19	12	 	15	2	20	0.00	74.70%	70	39	59.48	0.7
7501	8	16	18	15	17	2	4	9	3	20	0.00	65.66%	61	51	58.87	0.7
7720	9	15	19	14	19	17	18	9	1	20	0.00	84.34%	63	30	58.33	0.7
877	10	16	12	18	16	15	12	17	2	20	0.00	81.93%	59	34	58.17	0.7
8487	9	16	8	17	10	 	 	 	1	18	0.00	46.99%	77	59	57.80	0.7
409	9	14	13	18	15	15	9	7	3	20	0.00	72.29%	66	39	57.72	0.7
70	7	15	14	10	10	11	7	14	 	20	0.00	65.06%	70	44	57.62	0.7
9992	9	16	14	18	14	 	 	 	3	20	0.00	54.82%	78	47	56.33	0.0
6987	7	15	14	17	5	16	 	14	 	20	0.00	65.06%	83	34	56.22	0.0
7545	8	12	16	17	13	8	9	17	5	20	0.00	72.29%	71	32	55.92	0.0
2464	6	14	18	9	7	8	0	13	 	20	0.00	57.23%	65	50	55.89	0.0
1582	9	16	20	17	 	 	 	 	4	20	0.00	49.40%	82	49	55.76	0.0
9834	9	12	20	0	0	13	 	12	1	15	0.00	48.80%	80	50	55.52	0.0
9993	9	16	17	14	11	 	 	3	5	18	0.00	53.01%	85	43	55.40	0.0
9746	9	15	20	17	10	12	 	 	 	20	0.00	62.05%	64	43	54.82	0.0
7608	9	14	17	8	16	17	14	16	5	20	0.00	78.92%	47	34	54.57	0.0
2110	5	11	14	9	14	3	16	10	5	20	0.00	61.45%	55	47	54.38	0.0
803	9	11	20	 	12	3	8	15	3	9	0.00	52.41%	51	58	54.36	0.0
2006	10	16	18	16	0	19	18	15	5	20	0.00	79.52%	52	30	54.21	0.0
9501	6	12	14	14	 	4	1	4	5	18	0.00	43.98%	61	61	54.19	0.0
5065	10	16	14	17	1	 	 	 	5	20	0.00	46.99%	84	46	54.00	0.0
8019	7	16	18	17	13	14	14	11	5	20	0.33	78.51%	59	25	53.21	0.0
4979	6	16	15	14	11	 	 	 	 	0	0.00	37.35%	79	55	52.74	0.0
9150	9	 	19	12	 	 	 	12	5	6	0.00	34.94%	71	61	52.58	0.0
9692	9	15	19	15	15	14	13	 	5	20	0.00	72.29%	70	24	52.52	0.0
110	7	9	18	8	15	14	0	14	2	20	0.00	63.25%	71	32	52.30	0.0
1168	7	14	8	 	9	10	9	11	5	20	0.00	53.01%	58	48	52.00	0.0
570	6	 	 	15	13	 	 	 	2	18	0.00	31.33%	85	56	51.93	0.0
1378	9	13	 	16	8	 	 	13	 	15	0.00	44.58%	74	47	51.43	0.0
1024	8	8	8	9	12	15	15	10	5	20	0.00	63.25%	74	28	51.30	0.0
4398	9	15	13	15	10	17	4	15	5	18	0.00	69.88%	52	31	50.75	0.0
1876	9	15	20	19	0	10	 	16	2	20	0.00	65.66%	51	34	50.07	0.0
9899	8	15	15	8	14	16	18	14	5	20	0.00	77.11%	57	18	49.44	0.0
4322	10	16	9	0	5	0	 	14	5	20	0.00	44.58%	76	41	49.43	0.0
6606	9	16	2	 	14	11	 	 	5	3	0.00	33.13%	78	50	48.85	0.0
6905	8	13	7	16	1	 	0	0	4	18	0.00	37.95%	77	45	48.58	0.0
1904	6	16	15	16	13	10	0	9	5	18	0.00	62.05%	70	24	48.42	0.0
4329	8	13	19	17	15	15	7	14	5	20	0.00	77.11%	49	19	48.24	0.0
7939	6	10	 	8	7	0	0	9	 	20	0.00	36.14%	85	39	47.06	0.0
5933	8	15	18	17	12	10	2	18	0	20	0.00	72.29%	42	22	46.12	0.0
2639	5	8	20	15	0	 	0	12	5	20	0.00	48.19%	55	37	45.08	0.0
8730	8	12	17	17	11	4	 	 	4	20	0.00	53.61%	68	24	44.65	0.0
9576	8	10	12	12	14	12	14	13	5	20	0.00	69.28%	80	 	43.71	0.0
156	 	14	12	11	0	0	0	 	5	20	0.00	34.34%	76	35	42.93	0.0
6187	9	16	11	19	11	0	 	11	4	20	0.33	58.63%	39	29	42.85	0.0
4619	9	11	16	18	16	1	0	16	5	15	0.00	61.45%	33	26	41.58	0.0
4194	9	16	20	18	12	0	7	4	5	20	0.00	63.86%	19	27	40.14	0.0
126	9	10	11	7	12	4	 	 	 	18	0.00	42.77%	81	16	39.71	0.0
5165	9	15	16	18	18	18	15	 	 	20	0.00	77.71%	37	 	38.48	0.0
613	9	12	9	8	1	 	 	 	1	20	0.33	35.74%	67	23	36.90	0.0
9673	5	15	12	6	0	0	 	0	5	18	0.00	33.73%	61	28	36.89	0.0
9851	6	8	8	14	4	2	3	1	 	20	0.00	39.76%	49	26	36.10	0.0
9863	6	10	15	 	 	 	10	 	2	0	0.00	24.70%	71	26	34.48	0.0
855	6	12	 	10	5	 	 	 	5	20	0.00	31.93%	51	28	34.17	0.0
8685	10	16	 	 	7	8	 	 	5	9	0.00	30.12%	57	19	31.05	0.0
9200	5	11	 	 	 	 	 	 	 	12	0.00	16.87%	43	37	30.15	0.0
9011	8	15	13	 	 	 	 	 	 	12	0.00	28.92%	91	 	29.77	0.0
2443	 	14	 	 	 	 	3	 	5	12	0.00	17.47%	37	37	29.19	0.0
4327	10	14	18	 	 	 	 	 	3	20	0.00	37.35%	69	 	28.74	0.0
827	10	14	18	16	18	11	15	 	 	3	0.00	63.25%	 	 	25.30	0.0
249	10	10	 	9	8	6	0	 	1	0	0.00	25.90%	55	8	24.56	0.0
467	8	 	13	14	 	 	 	 	2	18	0.00	31.93%	57	 	24.17	0.0
8084	6	0	 	 	0	 	 	 	5	18	0.00	14.46%	83	 	22.38	0.0
8485	7	 	15	14	 	1	 	0	5	15	0.00	31.33%	18	13	21.33	0.0
438	10	16	19	19	 	 	 	 	2	6	0.00	42.17%	 	 	16.87	0.0
7677	8	9	 	14	0	 	 	 	5	18	0.00	29.52%	22	1	16.61	0.0
5295	10	16	 	20	 	19	 	 	 	0	0.00	39.16%	 	 	15.66	0.0
5062	7	0	 	 	 	1	0	0	5	12	0.00	12.05%	33	7	14.22	0.0
2629	8	15	3	1	 	 	 	 	 	12	0.00	23.49%	 	 	9.40	0.0
4479	10	16	 	 	 	 	 	 	 	3	0.00	17.47%	 	 	6.99	0.0
1284	7	14	 	 	 	 	 	 	 	3	0.00	14.46%	 	 	5.78	0.0
973	5	 	 	 	 	 	 	 	2	12	0.00	10.24%	 	 	4.10	0.0
740	3	5	 	8	 	 	 	 	 	0	0.00	9.64%	 	 	3.86	0.0
9988	0	 	 	 	 	 	 	 	 	6	0.00	3.61%	 	 	1.45	0.0

mean	8.7	15.1	18.0	17.1	15.7	15.8	15.8	16.6	3.6	18.7	0.1	81.07%	81.3	69.1	75.16	2.4
median	9	16	19	18	17	17	17	17	4	20	0	87.95%	84	73	80.18	2.7