last 4 digits of sid	assign1	assign2	assign3	assign4	assign5	assign6	assign7	assign8	bonus8	Late_Days	weekly %	midterm	new mid	final	total	grade
8845	20	20	20	19	20	17	20	29	2	 	98.24%	99	103	101	100.29	4
1631	20	19	20	20	19	17	20	30	2	2	98.24%	95	99	100	99.09	4
7909	19	19	20	20	20	20	20	30	2	 	100.00%	94	98	97	98.40	4
4509	20	19	16	19	20	19	19	29	 	 	94.71%	91	95	100	96.88	4
5560	19	18	18	19	16	17	20	28	2	1	92.35%	96	100	99	96.54	4
0290	20	19	18	19	19	19	20	29	2	 	97.06%	81	85	101	96.22	4
1763	19	18	18	18	17	20	17	29	 	 	91.76%	99	103	96	95.71	4
4183	20	20	20	18	19	18	18	29	 	4	95.29%	97	101	93	95.52	4
1707	20	19	20	18	19	19	19	27	 	5	94.71%	86	90	99	95.48	4
3118	20	16	20	20	18	18	19	26	 	2	92.35%	90	94	98	94.94	4
1393	20	17	16	18	18	18	20	30	 	 	92.35%	93	97	96	94.74	4
1128	20	19	18	20	19	18	20	28	 	1	95.29%	95	99	92	94.72	4
6523	20	19	15	20	19	20	20	28	2	 	95.88%	91	95	93	94.55	4
0950	19	18	20	19	20	20	20	28	 	 	96.47%	91	95	92	94.39	3.9
0486	19	20	19	20	19	18	19	29	 	2	95.88%	82	86	97	94.35	3.9
8087	19	16	16	19	19	19	20	29	 	5	92.35%	86	90	98	94.14	3.9
1615	17	17	16	19	20	17	19	26	 	 	88.82%	95	99	97	94.13	3.9
0409	20	17	18	20	18	16	19	27	 	 	91.18%	93	97	95	93.87	3.9
0403	20	19	19	18	19	20	20	29	2	1	97.65%	96	100	87	93.86	3.9
0521	20	19	18	20	20	19	20	25	2	 	95.88%	87	91	93	93.75	3.9
8827	18	19	15	19	17	20	18	19	2	 	86.47%	89	93	101	93.59	3.9
5468	18	20	19	17	17	19	17	27	2	1	91.76%	96	100	92	93.51	3.9
8829	18	18	19	19	19	20	19	27	0	2	93.53%	80	84	98	93.41	3.9
5921	20	19	18	20	20	19	19	28	 	4	95.88%	83	87	94	93.35	3.9
1568	20	20	19	19	20	19	20	30	 	4	98.24%	88	92	89	93.29	3.9
5450	19	19	17	20	20	20	20	30	2	 	98.24%	86	90	90	93.29	3.9
1333	19	17	17	20	20	20	20	30	0	2	95.88%	83	87	93	92.95	3.8
8655	19	17	15	19	15	19	20	29	2	1	91.18%	90	94	94	92.87	3.8
0228	19	20	18	19	20	17	20	27	 	3	94.12%	82	86	95	92.85	3.8
7268	19	18	19	17	19	20	20	27	 	4	93.53%	85	89	94	92.81	3.8
2263	20	20	20	19	20	18	20	29	 	1	97.65%	86	90	89	92.66	3.8
6076	20	16	20	19	18	18	20	27	 	5	92.94%	76	80	98	92.38	3.8
7854	18	18	17	17	17	18	20	26	 	3	88.82%	88	92	96	92.33	3.8
2371	19	19	17	19	20	18	17	26	 	3	91.18%	92	96	91	92.07	3.8
8873	18	18	19	18	19	18	15	26	 	3	88.82%	94	98	92	91.93	3.8
5010	19	18	18	19	20	19	19	30	 	3	95.29%	82	86	91	91.72	3.8
6343	20	18	18	18	19	15	16	28	2	3	90.59%	90	94	91	91.44	3.8
4367	19	17	18	20	17	15	18	26	2	2	89.41%	86	90	94	91.36	3.7
0368	19	19	17	20	20	20	19	25	 	4	93.53%	89	93	88	91.21	3.7
0944	19	18	11	18	15	18	15	27	 	3	82.94%	94	98	96	91.18	3.7
3758	20	20	19	20	15	19	19	27	2	3	94.71%	77	81	92	90.88	3.7
2419	20	20	19	19	20	20	19	30	 	3	98.24%	88	92	82	90.49	3.7
0845	17	17	17	19	18	19	16	27	 	 	88.24%	76	80	98	90.49	3.7
3502	19	18	19	20	17	17	20	23	 	1	90.00%	91	95	88	90.20	3.7
1983	18	19	17	17	19	19	17	23	 	4	87.65%	83	87	93	89.66	3.7
9051	19	16	18	20	19	19	19	27	2	 	93.53%	83	87	87	89.61	3.7
0713	17	16	7	19	19	18	18	30	2	2	85.88%	94	98	89	89.55	3.7
2105	19	18	17	20	18	17	18	21	 	3	87.06%	75	79	96	89.02	3.6
0235	18	12	18	20	15	18	15	29	2	4	86.47%	82	86	93	88.99	3.6
1714	20	16	17	17	17	20	19	26	 	1	89.41%	78	82	92	88.96	3.6
2398	17	16	19	18	20	18	16	23	2	5	87.65%	91	95	87	88.86	3.6
0986	19	18	18	19	17	15	20	29	 	4	91.18%	85	89	86	88.67	3.6
2020	18	16	19	17	17	17	20	30	 	2	90.59%	84	88	87	88.64	3.6
8973	19	13	14	18	20	17	19	29	2	 	88.82%	89	93	86	88.53	3.6
1123	18	18	18	19	19	14	20	29	 	3	91.18%	78	82	89	88.47	3.6
0700	20	20	20	20	20	20	20	30	 	3	100.00%	82	86	78	88.40	3.6
3744	19	17	15	19	16	16	14	24	 	1	82.35%	89	93	92	88.34	3.6
3288	19	15	18	19	20	17	19	27	 	4	90.59%	82	86	87	88.24	3.6
1360	20	17	19	19	17	16	20	30	 	4	92.94%	91	95	80	88.18	3.6
0504	20	17	14	18	16	17	15	26	 	 	84.12%	88	92	90	88.05	3.6
5985	19	18	19	18	19	19	16	28	2	1	92.94%	90	94	80	87.98	3.6
1737	15	20	20	18	19	18	19	29	 	 	92.94%	82	86	84	87.98	3.6
9569	19	17	20	19	19	18	16	21	2	 	88.82%	80	84	89	87.93	3.6
9688	15	17	17	18	20	18	20	25	 	 	88.24%	91	95	84	87.89	3.6
0414	19	17	20	19	19	14	12	21	 	2	82.94%	85	89	92	87.78	3.6
9904	20	20	19	17	17	17	17	25	 	3	89.41%	78	82	89	87.76	3.6
5356	18	19	19	16	17	13	16	27	 	2	85.29%	85	89	89	87.52	3.5
7223	20	13	15	16	20	19	20	27	 	2	88.24%	87	91	85	87.49	3.5
1225	20	18	18	18	20	20	20	25	2	2	94.71%	81	85	81	87.28	3.5
2203	18	16	18	20	18	18	19	29	 	5	91.76%	86	90	81	87.11	3.5
7245	20	14	19	17	13	18	17	26	 	5	84.71%	86	90	88	87.08	3.5
8327	20	20	20	19	18	17	20	27	 	1	94.71%	72	76	85	87.08	3.5
3554	18	15	17	17	16	18	19	27	 	4	86.47%	88	92	85	86.99	3.5
5895	19	16	20	18	0	20	17	29	2	 	82.94%	89	93	88	86.98	3.5
1300	20	17	18	18	16	16	16	18	 	1	81.76%	87	91	90	86.91	3.5
0532	18	13	17	12	20	18	20	28	 	 	85.88%	94	98	82	86.75	3.5
5442	17	17	20	18	19	14	15	28	2	2	88.24%	87	91	83	86.69	3.5
2114	19	16	16	15	19	18	12	28	 	5	84.12%	77	81	92	86.65	3.5
1360	20	19	18	18	18	20	18	29	 	1	94.12%	79	83	80	86.25	3.5
7531	18	20	16	19	17	20	19	24	 	4	90.00%	79	83	84	86.20	3.5
6262	18	15	19	19	19	18	19	30	 	4	92.35%	74	78	84	86.14	3.5
2449	19	18	15	19	16	17	17	27	 	 	87.06%	76	80	88	86.02	3.5
6794	18	19	20	19	19	18	19	28	2	 	95.29%	83	87	76	85.92	3.5
0828	19	17	16	17	17	15	19	19	 	4	81.76%	87	91	87	85.71	3.5
3002	18	17	19	16	17	15	19	27	 	2	87.06%	84	88	83	85.62	3.5
8169	15	20	20	20	19	17	19	27	2	3	93.53%	81	85	78	85.61	3.5
5015	19	15	19	19	17	18	17	23	 	1	86.47%	85	89	83	85.59	3.4
8883	18	18	15	17	19	18	20	27	 	0	89.41%	85	89	80	85.56	3.4
3236	19	18	17	19	20	20	19	18	2	 	89.41%	75	79	85	85.56	3.4
1861	20	19	20	18	18	20	19	27	 	5	94.71%	88	92	73	85.48	3.4
0308	18	19	18	19	18	15	17	25	 	 	87.65%	94	98	77	85.46	3.4
0800	16	16	16	20	17	18	20	26	 	3	87.65%	76	80	86	85.46	3.4
0974	20	17	17	18	17	15	18	24	 	2	85.88%	82	86	84	85.15	3.4
3986	20	17	18	18	18	16	19	14	 	4	82.35%	73	77	92	85.14	3.4
1127	19	13	19	20	18	16	18	28	 	5	88.82%	84	88	80	85.13	3.4
3598	20	18	18	20	18	15	18	26	 	3	90.00%	83	87	79	85.00	3.4
6200	19	 	19	19	17	18	20	28	 	 	82.35%	84	88	86	84.94	3.4
5046	20	18	17	18	20	19	19	30	 	3	94.71%	79	83	76	84.88	3.4
7269	19	16	17	18	20	18	16	29	 	5	90.00%	87	91	76	84.60	3.4
7017	20	19	20	20	20	15	20	28	 	1	95.29%	92	96	68	84.52	3.3
1013	19	18	15	17	20	11	12	25	 	5	80.59%	95	99	81	84.44	3.3
0072	20	20	20	18	17	16	20	28	 	5	93.53%	85	89	73	84.41	3.3
6350	20	19	20	19	18	17	15	27	2	1	92.35%	71	75	80	83.94	3.3
0690	20	14	20	18	14	17	17	29	 	3	87.65%	80	84	80	83.86	3.3
3565	17	15	19	18	16	17	14	27	 	5	84.12%	65	69	91	83.85	3.3
0266	20	17	17	18	16	16	19	28	 	5	88.82%	75	79	80	83.33	3.2
2059	19	12	18	18	19	18	20	27	 	5	88.82%	78	82	78	83.13	3.2
7983	19	18	17	17	16	15	19	23	 	5	84.71%	78	82	82	83.08	3.2
2577	18	18	16	17	15	13	19	27	 	3	84.12%	81	85	81	83.05	3.2
6771	19	19	20	19	16	17	14	24	 	3	87.06%	83	87	77	83.02	3.2
1367	19	16	18	19	15	18	20	26	 	1	88.82%	77	81	78	82.93	3.2
3348	16	11	13	14	16	16	18	29	 	4	78.24%	88	92	83	82.89	3.2
0950	19	19	20	17	18	17	16	28	 	5	90.59%	87	91	71	82.84	3.2
4646	18	17	16	17	17	13	19	24	 	0	82.94%	82	86	81	82.78	3.2
1483	17	11	17	16	20	17	20	30	2	4	88.24%	79	83	77	82.69	3.2
1187	19	19	18	20	20	15	17	27	 	2	91.18%	67	71	80	82.67	3.2
4084	19	16	19	16	19	15	18	27	2	1	88.82%	39	43	96	82.53	3.1
2109	19	19	13	14	17	16	15	25	 	1	81.18%	87	91	79	82.27	3.1
8966	19	15	14	15	16	10	18	28	 	5	79.41%	84	88	82	82.16	3.1
1653	16	17	14	17	15	16	20	30	 	2	85.29%	82	86	77	82.12	3.1
8364	19	17	16	17	18	18	17	21	 	1	84.12%	72	76	83	82.05	3.1
5052	16	14	15	18	17	16	18	27	 	4	82.94%	90	94	75	81.98	3.1
7394	20	19	19	16	19	13	20	28	2	 	91.76%	72	76	75	81.91	3.1
9127	19	14	13	16	17	8	18	27	 	3	77.65%	90	94	80	81.86	3.1
5989	19	20	17	20	18	15	20	25	 	1	90.59%	80	84	72	81.84	3.1
6917	17	18	17	19	18	17	19	28	 	3	90.00%	73	77	76	81.80	3.1
4227	19	16	16	18	19	15	19	24	 	1	85.88%	73	77	80	81.75	3.1
0676	19	17	8	18	16	15	19	28	 	 	82.35%	88	92	75	81.34	3
1016	16	13	15	19	17	18	19	22	 	5	81.76%	71	75	84	81.31	3
0164	16	15	17	16	18	20	20	27	 	1	87.65%	77	81	75	81.26	3
3927	20	19	16	19	16	14	19	29	 	3	89.41%	77	81	73	81.16	3
5379	18	13	11	19	14	15	19	29	 	5	81.18%	69	73	85	81.07	3
5671	19	15	14	18	18	18	18	28	 	5	87.06%	75	79	76	81.02	3
5034	20	17	18	18	19	17	14	28	 	4	88.82%	49	53	86	80.53	2.9
6505	17	18	16	15	15	15	19	23	 	4	81.18%	71	75	82	80.27	2.9
8304	18	14	19	20	11	19	14	27	 	5	83.53%	66	70	82	80.21	2.9
0718	18	19	16	17	18	 	18	28	 	4	78.82%	74	78	82	79.93	2.9
2648	16	16	17	18	18	11	19	28	 	1	84.12%	67	71	80	79.85	2.9
5957	18	17	19	18	19	18	19	30	 	1	92.94%	72	76	68	79.58	2.8
3521	14	17	18	18	15	17	19	27	 	2	85.29%	79	83	72	79.52	2.8
4292	17	15	17	20	17	16	19	23	 	1	84.71%	76	80	74	79.48	2.8
4522	17	12	15	19	18	15	19	28	 	3	84.12%	83	87	71	79.45	2.8
4731	17	14	14	15	19	15	19	26	 	1	81.76%	63	67	83	79.31	2.8
7653	19	16	17	17	17	15	18	23	 	3	83.53%	75	79	75	79.21	2.8
3801	19	19	19	17	18	12	18	30	 	5	89.41%	73	77	70	79.16	2.8
6358	19	18	17	18	19	17	20	26	 	4	90.59%	78	82	66	79.04	2.8
8765	18	17	19	18	18	15	17	25	 	5	86.47%	76	80	71	78.99	2.8
0889	19	16	17	20	20	16	19	30	 	1	92.35%	72	76	67	78.94	2.8
6535	19	16	15	16	17	15	17	27	 	3	83.53%	67	71	78	78.81	2.8
8833	19	18	13	15	20	20	18	28	 	 	88.82%	72	76	70	78.73	2.8
2515	17	17	18	16	17	15	18	27	 	3	85.29%	73	77	73	78.72	2.8
8606	20	14	15	13	17	15	20	29	 	4	84.12%	89	93	66	78.65	2.8
1037	18	15	11	16	16	18	15	28	 	1	80.59%	70	74	79	78.64	2.8
1628	19	18	17	17	18	18	16	25	 	4	87.06%	65	69	75	78.62	2.8
1101	10	12	17	10	12	16	18	13	 	5	63.53%	80	84	91	78.61	2.8
4203	20	12	16	20	19	20	19	30	 	3	91.76%	63	67	71	78.51	2.7
1269	10	12	18	20	13	13	7	22	 	5	67.65%	75	79	89	78.46	2.7
3895	16	15	15	17	20	14	17	 	 	5	67.06%	84	88	85	78.42	2.7
4136	20	16	17	18	18	16	18	27	 	2	88.24%	76	80	67	78.09	2.7
5540	19	18	19	18	20	15	18	30	 	2	92.35%	65	69	68	77.94	2.7
2617	15	14	17	19	18	15	19	28	 	0	85.29%	79	83	68	77.92	2.7
8814	19	19	19	20	18	18	20	27	 	2	94.12%	69	73	64	77.85	2.7
3131	19	17	17	18	15	16	18	25	 	4	85.29%	80	84	67	77.72	2.7
8435	20	13	15	18	18	17	19	28	 	2	87.06%	72	76	69	77.62	2.7
6295	19	18	17	15	18	17	16	26	 	4	85.88%	78	82	66	77.15	2.6
0159	19	18	20	19	17	14	20	23	 	0	88.24%	73	77	66	77.09	2.6
1674	20	20	19	17	18	16	20	30	 	4	94.12%	70	74	60	76.45	2.5
6112	14	16	14	10	12	13	12	23	 	2	67.06%	70	74	87	76.42	2.5
8671	19	16	19	20	16	12	20	24	 	5	85.88%	68	72	69	76.35	2.5
7424	20	15	14	17	19	10	17	26	0	2	81.18%	81	85	67	76.27	2.5
1493	19	18	18	17	17	17	20	24	 	3	88.24%	80	84	60	76.09	2.5
8630	19	13	17	19	16	18	14	27	 	1	84.12%	76	80	66	76.05	2.5
3000	17	4	13	14	7	16	11	19	 	5	59.41%	73	77	92	75.96	2.5
0802	18	13	16	20	15	15	17	21	 	5	79.41%	79	83	68	75.56	2.4
7872	19	18	19	17	16	19	20	26	 	5	90.59%	68	72	62	75.44	2.4
9563	18	 	14	20	18	17	18	25	 	3	76.47%	81	85	69	75.19	2.4
1231	19	17	19	19	17	18	19	24	 	 	89.41%	83	87	55	75.16	2.4
8428	19	17	18	18	17	11	17	12	 	5	75.88%	64	68	78	75.15	2.4
2657	19	15	14	14	18	17	18	25	 	 	82.35%	79	83	64	75.14	2.4
8149	15	9	11	15	14	15	19	30	 	4	75.29%	67	71	77	75.12	2.4
1235	18	17	10	16	15	14	20	24	 	2	78.82%	71	75	71	74.93	2.4
0060	18	15	16	14	17	16	15	28	 	 	81.76%	73	77	67	74.91	2.4
4770	16	17	13	15	15	14	12	 	 	2	60.00%	80	84	85	74.80	2.4
5565	19	18	15	15	15	12	14	22	 	3	76.47%	73	77	72	74.79	2.4
5521	18	17	11	19	16	15	18	27	 	2	82.94%	72	76	66	74.78	2.4
2269	20	17	16	18	20	18	20	26	 	3	91.18%	51	55	68	74.67	2.4
8251	18	10	15	14	15	13	12	26	 	2	72.35%	82	86	71	74.54	2.3
0365	20	19	16	18	20	18	13	 	 	1	72.94%	70	74	76	74.38	2.3
5667	18	16	15	18	16	18	19	26	 	5	85.88%	80	84	58	74.35	2.3
8719	17	15	18	16	11	16	19	28	 	2	82.35%	59	63	72	74.34	2.3
9225	14	18	16	15	13	15	20	24	 	4	79.41%	68	72	70	74.16	2.3
8579	19	15	9	12	13	 	15	26	 	3	64.12%	68	72	85	74.05	2.3
4469	14	14	15	19	17	17	19	28	 	4	84.12%	54	58	72	74.05	2.3
4278	17	18	17	17	9	17	19	27	 	2	82.94%	60	64	70	73.98	2.3
8995	20	16	16	19	19	17	19	28	 	2	90.59%	70	74	57	73.84	2.3
8292	14	15	18	18	16	20	17	19	 	5	80.59%	75	79	64	73.64	2.3
3134	19	18	20	19	17	19	20	27	 	1	93.53%	59	63	59	73.61	2.3
6207	19	13	18	16	15	14	16	25	 	3	80.00%	82	86	61	73.60	2.2
1836	19	15	14	19	16	16	17	25	 	5	82.94%	74	78	62	73.58	2.2
4142	19	12	14	16	18	20	20	13	 	4	77.65%	77	81	65	73.26	2.2
1697	19	12	17	16	13	15	17	27	0	4	80.00%	67	71	67	73.00	2.2
7091	20	15	16	17	18	6	15	27	 	5	78.82%	69	73	67	72.93	2.2
4425	19	12	15	15	15	15	14	26	 	5	77.06%	68	72	69	72.82	2.2
3024	14	11	17	16	17	12	17	24	 	4	75.29%	71	75	69	72.72	2.2
8829	19	17	13	19	16	16	19	20	 	5	81.76%	68	72	64	72.71	2.2
4264	18	15	17	11	15	13	16	18	 	2	72.35%	58	62	78	72.54	2.1
7864	19	15	14	18	19	16	20	28	 	5	87.65%	58	62	62	72.26	2.1
6241	20	15	18	19	13	8	16	30	 	5	81.76%	60	64	66	71.91	2.1
2688	19	16	16	18	20	9	18	9	 	5	73.53%	70	74	68	71.41	2
1758	19	15	15	18	18	14	11	15	 	5	73.53%	86	90	60	71.41	2
2185	19	14	18	17	13	16	20	 	 	4	68.82%	69	73	73	71.33	2
5125	18	13	8	19	16	19	7	15	 	3	67.65%	68	72	74	71.06	2
5198	18	17	16	16	14	15	 	 	 	5	56.47%	77	81	80	70.79	2
4575	17	17	13	8	18	18	19	29	 	3	81.76%	34	38	76	70.71	2
0440	16	17	18	18	15	14	20	28	 	5	85.88%	30	34	73	70.35	1.9
8571	18	16	15	12	14	19	18	25	 	5	80.59%	40	44	73	70.24	1.9
0062	18	13	10	7	16	0	17	24	 	5	61.76%	65	69	79	70.11	1.9
4744	16	17	17	17	16	14	12	21	 	5	76.47%	70	74	61	69.79	1.9
2410	18	10	16	19	8	15	15	21	 	2	71.76%	73	77	64	69.71	1.9
8315	17	16	18	18	17	13	20	28	 	2	86.47%	60	64	55	69.39	1.8
6755	20	15	16	18	17	12	15	27	 	3	82.35%	56	60	61	69.34	1.8
1239	19	19	16	17	16	20	19	30	 	3	91.76%	45	49	56	68.91	1.8
1110	20	19	19	19	20	18	18	23	 	5	91.76%	70	74	43	68.71	1.8
9645	13	17	8	18	15	 	19	27	 	5	68.82%	57	61	72	68.53	1.7
2697	16	18	17	11	16	14	18	29	 	4	81.76%	63	67	56	68.51	1.7
4450	18	14	17	19	19	12	7	15	 	1	71.18%	58	62	68	68.07	1.7
3137	17	13	15	12	18	8	15	26	 	4	72.94%	60	64	65	67.98	1.7
0262	18	13	13	14	16	17	20	24	 	2	79.41%	65	69	56	67.96	1.7
8399	14	17	8	19	18	8	17	28	 	4	75.88%	61	65	61	67.75	1.7
6656	16	12	5	10	13	14	12	21	 	3	60.59%	83	87	65	67.64	1.7
0601	19	15	17	16	17	15	16	30	 	1	85.29%	62	66	46	65.72	1.5
3372	17	12	16	11	11	12	6	23	 	5	63.53%	69	73	64	65.61	1.5
4211	11	13	15	18	17	17	20	25	 	4	80.00%	57	61	53	65.40	1.4
7189	16	15	17	17	17	16	17	25	 	5	82.35%	60	64	49	65.34	1.4
0706	18	16	18	16	19	20	19	21	 	5	86.47%	51	55	49	65.19	1.4
2742	18	6	15	17	 	17	 	 	 	 	42.94%	84	88	75	64.78	1.4
7182	17	16	17	16	17	13	17	28	 	3	82.94%	68	72	43	64.78	1.4
0096	17	14	16	15	14	12	11	14	 	5	66.47%	48	52	66	63.39	1.2
5340	16	14	7	11	11	3	13	20	 	2	55.88%	76	80	62	63.15	1.2
3957	19	9	19	15	19	17	18	24	 	3	82.35%	53	57	47	63.14	1.2
5432	19	20	12	15	15	16	16	26	 	5	81.76%	46	50	51	63.11	1.2
5041	19	11	18	18	17	17	19	21	 	1	82.35%	52	56	47	62.94	1.2
0556	18	11	18	16	13	 	 	 	 	5	44.71%	61	65	80	62.88	1.2
6919	14	14	10	16	10	4	9	4	 	5	47.65%	79	83	68	62.86	1.2
3042	17	18	8	15	16	12	1	17	 	5	61.18%	70	74	58	62.47	1.1
5507	18	14	14	16	16	17	12	7	 	4	67.06%	57	61	58	62.22	1.1
6229	17	18	15	19	11	3	15	8	 	5	62.35%	67	71	57	61.94	1.1
1895	20	12	18	15	15	14	17	9	 	5	70.59%	61	65	51	61.64	1.1
6944	9	12	13	13	0	17	9	6	 	5	46.47%	70	74	70	61.39	1
0348	18	11	11	13	13	8	17	11	 	0	60.00%	72	76	55	61.20	1
1963	9	15	9	15	8	3	14	7	 	5	47.06%	56	60	75	60.82	1
9809	19	17	7	11	14	16	19	26	 	3	75.88%	47	51	50	60.55	0.9
5549	10	13	9	17	14	3	11	5	 	4	48.24%	73	77	63	59.89	0.9
0738	17	13	11	17	17	 	18	19	 	4	65.88%	45	49	59	59.75	0.9
5690	15	12	17	17	17	18	19	 	 	5	67.65%	65	69	47	59.66	0.9
1364	6	12	15	16	14	11	11	16	 	5	59.41%	60	64	57	59.36	0.8
0434	18	17	10	14	5	0	14	22	 	3	58.82%	43	47	64	58.53	0.7
9010	12	12	4	15	9	1	10	7	 	5	41.18%	74	78	66	58.47	0.7
6841	13	10	12	6	5	11	19	25	 	3	59.41%	56	60	56	58.16	0.7
0375	18	14	9	12	14	15	17	18	 	5	68.82%	67	71	41	58.13	0.7
2606	17	14	15	15	15	 	 	 	 	 	44.71%	76	80	59	57.48	0.7
6582	8	12	19	18	18	16	19	18	 	5	75.29%	46	50	42	56.92	0.7
0417	20	12	15	16	18	16	15	18	 	5	76.47%	37	41	42	55.59	0.7
5215	 	17	18	19	18	 	 	 	 	2	42.35%	83	87	49	53.94	0.7
1771	19	11	16	13	18	0	16	24	 	5	68.82%	58	62	35	53.93	0.7
4223	13	10	 	 	 	4	12	5	 	5	25.88%	60	64	75	53.15	0
1741	9	11	 	15	 	17	5	23	 	4	47.06%	54	58	55	52.42	0
9357	16	14	7	11	 	1	1	 	 	5	29.41%	64	68	67	52.16	0
6756	 	15	15	14	8	10	9	6	 	5	45.29%	60	64	50	50.92	0
1274	 	11	6	16	 	 	 	 	 	5	19.41%	73	77	69	50.76	0
8761	12	15	8	4	9	4	 	10	 	5	36.47%	74	78	48	49.39	0
7519	18	 	 	 	18	16	 	 	 	 	30.59%	77	81	50	48.44	0
5061	 	 	 	3	 	6	17	 	 	5	15.29%	53	57	68	44.72	0
8734	16	13	8	14	9	8	 	0	 	3	40.00%	51	55	44	44.60	0
4970	11	14	0	0	14	0	 	 	 	5	22.94%	41	45	65	44.18	0
9389	 	9	16	15	6	 	 	 	 	5	27.06%	62	66	42	40.82	0
8248	 	13	 	17	 	3	 	 	 	5	19.41%	70	74	42	39.36	0
0445	19	18	13	16	15	15	18	 	 	1	67.06%	58	62	 	39.22	0
9093	7	8	6	1	10	10	 	 	 	2	24.71%	59	63	38	37.68	0
5628	10	11	7	16	17	15	15	8	 	5	58.24%	63	67	 	36.69	0
4494	17	13	13	15	18	6	9	 	 	5	53.53%	71	75	 	36.41	0
5150	12	17	15	17	14	14	18	 	 	5	62.94%	48	52	 	35.58	0
3600	19	12	 	15	 	 	 	 	 	4	27.06%	60	64	28	34.82	0
1512	20	16	10	13	0	15	 	 	 	5	43.53%	72	76	 	32.61	0
3948	20	15	 	13	 	 	 	 	 	1	28.24%	76	80	 	27.29	0
3212	7	12	4	12	 	 	 	 	 	3	20.59%	59	63	12	25.64	0
4040	6	9	14	 	0	 	 	 	 	5	17.06%	28	32	21	21.62	0
0201	13	5	 	 	 	 	 	 	 	5	10.59%	73	77	 	19.64	0
0353	 	 	 	 	 	 	 	 	 	 	0.00%	59	63	 	12.60	0
2114	 	 	 	 	 	 	 	 	 	 	0.00%	34	38	 	7.60	0
5636	 	 	 	 	 	 	 	 	 	 	0.00%	 	 	 	0.00	0
6332	 	 	 	 	 	 	 	 	 	 	0.00%	 	 	 	0.00	0

mean	17.8	15.9	15.9	16.9	16.5	15.4	17.2	24.7	1.8	3.3	78.01%	74.3	78.3	74.8	75.5	2.5
median	19	16.5	17	18	17	16	18	27	2	3.5	84.41%	76	80	76	79.01	2.8