last 4 digits of sid	assign1	assign2	assign3	assign4	assign5	assign6	assign7	assign8	bonus8	weekly %	midterm	final	new final	total	grade
2544	19	20	19	20	20	20	19	30	2	99.41%	99	101	106	101.96	4
0073	18	18	19	20	20	20	19	30	 	96.47%	97	101	106	100.39	4
0447	20	19	19	19	20	19	20	29	2	98.24%	96	95	100	98.49	4
1502	19	19	20	20	20	18	19	30	 	97.06%	90	98	103	98.02	4
3636	20	20	19	20	20	19	19	30	 	98.24%	94	94	99	97.69	4
2500	19	20	20	20	19	20	20	29	2	99.41%	91	94	99	97.56	4
1174	20	20	19	20	20	19	20	30	 	98.82%	82	99	104	97.53	4
4032	20	20	20	20	20	19	20	29	 	98.82%	91	93	98	96.93	4
2733	20	20	17	19	20	18	19	30	 	95.88%	80	98	103	95.55	4
6882	20	20	20	19	19	20	18	30	 	97.65%	86	93	98	95.46	4
5205	19	18	18	20	20	18	20	26	 	93.53%	94	92	97	95.01	3.9
4355	20	20	20	20	20	19	20	30	 	99.41%	94	86	91	94.96	3.9
3044	19	20	20	20	19	18	18	29	 	95.88%	77	98	103	94.95	3.9
5208	20	19	18	20	18	19	19	29	 	95.29%	93	90	95	94.72	3.9
2763	19	18	19	20	20	19	19	30	 	96.47%	83	93	98	94.39	3.9
0867	20	20	19	19	19	19	18	28	2	96.47%	88	90	95	94.19	3.9
3847	19	20	19	18	19	14	18	27	2	91.76%	93	92	97	94.11	3.9
9143	20	20	20	20	20	19	20	30	2	100.59%	99	80	85	94.04	3.9
3724	18	20	19	20	19	18	19	26	 	93.53%	98	87	92	93.81	3.9
3542	19	16	18	19	20	20	18	26	 	91.76%	89	93	98	93.71	3.9
8627	20	20	18	19	20	17	19	30	2	97.06%	76	94	99	93.62	3.9
0475	18	19	16	20	19	18	18	29	 	92.35%	93	90	95	93.54	3.9
5963	20	20	19	20	19	19	20	28	 	97.06%	93	85	90	93.42	3.9
2892	20	20	20	20	20	20	20	30	 	100.00%	90	83	88	93.20	3.8
5272	18	19	18	20	19	20	20	30	 	96.47%	95	84	89	93.19	3.8
3597	19	20	20	20	20	19	19	30	2	99.41%	87	85	90	93.16	3.8
0220	19	20	20	18	20	19	19	30	2	98.24%	95	82	87	93.09	3.8
9960	20	19	20	20	19	19	19	29	 	97.06%	87	87	92	93.02	3.8
6294	19	19	20	20	20	19	17	29	 	95.88%	89	87	92	92.95	3.8
3302	20	18	20	18	20	18	19	30	 	95.88%	97	82	87	92.55	3.8
0216	20	17	18	20	19	20	19	29	 	95.29%	96	83	88	92.52	3.8
2982	18	19	18	20	19	18	18	30	 	94.12%	96	84	89	92.45	3.8
1142	19	18	19	19	18	19	18	29	 	93.53%	79	92	97	92.01	3.8
7208	19	19	19	16	20	16	18	30	 	92.35%	87	89	94	91.94	3.8
3721	19	20	19	19	19	19	20	29	 	96.47%	92	81	86	91.39	3.7
3056	15	16	19	20	14	9	17	30	 	82.35%	97	92	97	91.14	3.7
5254	17	19	20	20	16	19	20	30	 	94.71%	77	88	93	90.48	3.7
3472	20	20	20	19	20	20	20	30	 	99.41%	91	76	81	90.36	3.7
1203	19	18	19	20	20	19	20	22	 	92.35%	83	87	92	90.34	3.7
4783	20	20	20	20	19	20	19	30	 	98.82%	82	81	86	90.33	3.7
6007	20	20	15	18	20	19	18	30	2	95.29%	84	83	88	90.12	3.7
4003	20	19	19	19	20	19	20	30	 	97.65%	95	75	80	90.06	3.7
4479	20	19	18	20	20	18	20	26	 	94.71%	82	84	89	89.88	3.6
1719	18	18	18	15	19	19	19	28	 	90.59%	90	84	89	89.84	3.6
5505	13	18	19	20	20	19	19	29	2	93.53%	90	81	86	89.81	3.6
1231	20	20	18	20	19	15	20	30	2	96.47%	96	75	80	89.79	3.6
5363	20	20	20	19	20	19	18	26	 	95.29%	88	80	85	89.72	3.6
5141	19	20	17	20	19	19	19	27	 	94.12%	81	84	89	89.45	3.6
0015	19	18	19	20	19	20	19	30	 	96.47%	86	79	84	89.39	3.6
8725	19	20	15	20	15	20	19	29	 	92.35%	98	77	82	89.34	3.6
5396	20	20	19	20	19	20	20	30	 	98.82%	85	77	82	89.33	3.6
1402	19	20	19	20	19	19	20	30	 	97.65%	89	76	81	89.26	3.6
8923	20	15	19	20	19	17	20	29	2	94.71%	82	82	87	89.08	3.6
4851	11	18	18	18	18	18	18	30	 	87.65%	95	82	87	88.86	3.6
1288	18	12	16	17	20	16	18	30	 	86.47%	95	83	88	88.79	3.6
3506	20	19	19	20	19	20	20	30	2	99.41%	81	77	82	88.76	3.6
1665	20	20	18	20	20	19	19	29	2	98.24%	79	79	84	88.69	3.6
7041	19	18	20	20	19	20	20	30	 	97.65%	77	80	85	88.46	3.5
4518	19	20	20	20	20	19	20	30	 	98.82%	82	76	81	88.33	3.5
0120	18	20	17	20	18	19	16	28	 	91.76%	94	77	82	88.31	3.5
2734	18	17	13	19	19	18	20	27	 	88.82%	77	88	93	88.13	3.5
0639	20	20	20	20	19	19	17	27	 	95.29%	78	81	86	88.12	3.5
3464	17	18	19	19	18	19	19	29	 	92.94%	87	77	82	87.38	3.5
6491	20	17	18	20	19	16	17	29	 	91.76%	90	76	81	87.11	3.5
1654	18	19	17	19	20	19	18	23	 	90.00%	92	76	81	86.80	3.4
7115	19	16	18	20	17	18	19	29	 	91.76%	94	73	78	86.71	3.4
4721	18	15	15	17	19	18	17	23	2	84.71%	86	84	89	86.68	3.4
0541	19	20	18	20	19	19	19	28	2	96.47%	74	78	83	86.59	3.4
0054	20	20	19	20	19	18	20	30	 	97.65%	94	66	71	86.26	3.4
1501	20	14	18	17	20	19	19	29	2	92.94%	91	72	77	86.18	3.4
5151	20	20	15	20	18	20	20	29	 	95.29%	65	82	87	85.92	3.4
2959	20	20	17	20	19	19	19	28	 	95.29%	87	71	76	85.92	3.4
3952	20	19	15	20	20	18	19	29	 	94.12%	91	70	75	85.85	3.4
4395	19	20	20	20	20	19	19	30	 	98.24%	74	74	79	85.69	3.4
3723	18	19	20	19	20	13	19	30	 	92.94%	80	76	81	85.58	3.4
6000	20	20	19	20	19	18	19	30	2	98.24%	59	80	85	85.09	3.3
5808	10	15	19	20	18	17	19	30	 	87.06%	81	80	85	85.02	3.3
2611	19	18	19	19	20	18	18	29	 	94.12%	78	74	79	84.85	3.3
2452	18	19	19	20	19	15	19	25	 	90.59%	87	73	78	84.84	3.3
3634	12	13	18	19	16	17	18	29	 	83.53%	90	78	83	84.61	3.3
3155	20	18	18	19	16	19	19	30	 	93.53%	71	77	82	84.41	3.3
0109	19	18	16	18	19	20	19	24	 	90.00%	86	73	78	84.40	3.3
3364	19	20	17	19	17	14	20	27	 	90.00%	90	70	75	84.00	3.3
7116	18	19	17	18	17	19	19	27	 	90.59%	83	72	77	83.64	3.2
5200	16	20	20	20	20	20	20	29	 	97.06%	74	70	75	83.62	3.2
2626	19	16	15	16	17	17	20	30	 	88.24%	74	78	83	83.29	3.2
5561	20	20	19	20	19	18	20	29	 	97.06%	68	72	77	83.22	3.2
0392	19	20	18	20	18	19	20	30	 	96.47%	87	63	68	83.19	3.2
1935	15	19	16	18	18	17	19	30	 	89.41%	93	67	72	83.16	3.2
1728	18	18	 	20	19	19	18	27	 	81.76%	86	78	83	83.11	3.2
8822	19	19	19	20	0	19	19	29	 	84.71%	83	76	81	82.88	3.1
5175	18	20	17	19	19	19	19	30	 	94.71%	83	65	70	82.48	3.1
7055	18	16	20	20	18	10	19	30	2	90.00%	80	71	76	82.40	3.1
2814	18	19	19	20	19	19	19	29	 	95.29%	75	68	73	82.32	3.1
4236	20	20	19	20	13	19	19	30	 	94.12%	71	70	75	81.85	3.1
0648	20	18	20	18	13	15	20	20	 	84.71%	82	73	78	81.48	3
1071	13	20	19	19	14	12	17	30	 	84.71%	72	78	83	81.48	3
5131	18	18	19	20	19	18	20	17	 	87.65%	91	65	70	81.26	3
7057	20	17	20	20	20	19	20	29	 	97.06%	76	63	68	81.22	3
1777	20	18	16	16	18	16	20	29	 	90.00%	72	72	77	81.20	3
0211	18	19	20	18	19	20	19	24	 	92.35%	79	66	71	81.14	3
0399	19	17	20	18	18	19	17	27	 	91.18%	82	65	70	80.87	3
1069	20	20	16	20	11	17	19	30	 	90.00%	80	67	72	80.80	3
5577	20	18	17	18	20	19	17	27	 	91.76%	74	68	73	80.71	3
0164	20	19	17	20	15	18	19	27	 	91.18%	68	71	76	80.47	2.9
6974	17	18	19	20	19	18	19	29	 	93.53%	75	65	70	80.41	2.9
0960	16	18	18	20	20	18	19	28	 	92.35%	63	72	77	80.34	2.9
1186	12	17	17	16	20	17	19	28	 	85.88%	67	76	81	80.15	2.9
1491	16	16	16	20	16	17	18	30	 	87.65%	91	62	67	80.06	2.9
0049	20	20	16	19	18	19	19	28	 	93.53%	73	65	70	80.01	2.9
7162	20	18	14	19	20	19	19	29	 	92.94%	73	65	70	79.78	2.9
6313	18	19	20	19	19	18	19	29	 	94.71%	76	61	66	79.48	2.8
2107	19	19	19	19	20	20	20	30	 	97.65%	52	70	75	79.46	2.8
2483	19	18	20	18	16	16	16	24	 	86.47%	73	70	75	79.19	2.8
0916	18	20	20	20	17	15	17	29	 	91.76%	88	57	62	79.11	2.8
1622	17	20	19	20	18	16	19	23	 	89.41%	74	66	71	78.96	2.8
3574	20	17	20	20	19	20	19	28	 	95.88%	77	58	63	78.95	2.8
1318	20	15	17	17	20	20	18	30	 	92.35%	64	67	72	78.54	2.7
1262	19	18	13	17	19	17	20	27	 	88.24%	78	64	69	78.49	2.7
0860	15	17	20	16	20	20	17	23	 	87.06%	74	67	72	78.42	2.7
5655	20	18	19	18	 	 	17	29	 	71.18%	77	81	86	78.27	2.7
9165	17	16	19	20	18	18	19	16	 	84.12%	83	65	70	78.25	2.7
3279	20	19	18	20	18	20	20	30	 	97.06%	65	61	66	78.22	2.7
4822	13	15	16	17	20	15	20	29	 	85.29%	56	77	82	78.12	2.7
3814	19	18	19	20	18	20	19	29	 	95.29%	54	68	73	78.12	2.7
1874	20	16	16	20	19	19	17	29	 	91.76%	71	63	68	78.11	2.7
1858	20	20	18	19	13	19	13	28	 	88.24%	62	71	76	78.09	2.7
7292	10	19	14	16	2	15	19	27	 	71.76%	91	72	77	77.71	2.6
1538	20	17	19	20	15	17	20	27	 	91.18%	74	61	66	77.67	2.6
1636	17	15	17	20	20	8	19	29	2	86.47%	65	70	75	77.59	2.6
9294	20	17	20	17	19	19	20	30	 	95.29%	67	60	65	77.52	2.6
8856	20	18	18	20	0	15	19	29	 	81.76%	82	66	71	77.51	2.6
2242	17	18	19	19	19	16	20	28	 	91.76%	62	66	71	77.51	2.6
8103	19	19	17	20	19	20	19	28	 	94.71%	76	56	61	77.48	2.6
6157	13	15	16	16	19	20	18	30	 	86.47%	73	65	70	77.19	2.6
1301	18	17	14	19	19	17	18	30	 	89.41%	71	63	68	77.16	2.6
1167	17	15	18	16	16	15	19	29	 	85.29%	89	58	63	77.12	2.6
2230	12	18	16	17	18	6	16	26	 	75.88%	73	75	80	76.95	2.6
0895	19	19	20	19	19	16	20	28	 	94.12%	66	60	65	76.85	2.6
0068	20	20	19	17	20	16	20	29	 	94.71%	80	52	57	76.68	2.5
7120	19	20	19	20	19	18	18	26	 	93.53%	42	72	77	76.61	2.5
6934	20	18	20	19	17	12	19	18	 	84.12%	58	73	78	76.45	2.5
1796	18	19	17	20	19	14	19	29	 	91.18%	67	61	66	76.27	2.5
2674	19	19	19	20	17	6	16	7	 	72.35%	91	67	72	75.94	2.5
3178	19	19	17	19	20	20	17	29	2	95.29%	51	64	69	75.92	2.5
8876	17	16	17	20	18	12	17	26	 	84.12%	73	64	69	75.85	2.5
1246	19	19	13	19	18	18	20	29	 	91.18%	62	62	67	75.67	2.4
0519	19	20	18	20	20	19	19	29	 	96.47%	61	57	62	75.59	2.4
5587	19	15	19	20	20	17	20	30	 	94.12%	58	59	64	74.85	2.4
9840	20	20	18	16	20	18	17	30	 	93.53%	57	60	65	74.81	2.3
6178	19	18	17	20	20	19	20	 	 	78.24%	76	65	70	74.49	2.3
6360	15	19	15	19	20	15	18	26	 	86.47%	57	66	71	74.39	2.3
4157	15	20	17	19	19	15	18	30	 	90.00%	57	62	67	74.20	2.3
4464	18	18	19	19	20	14	20	28	 	91.76%	61	58	63	74.11	2.3
9502	19	17	18	19	17	15	18	9	 	77.65%	69	68	73	74.06	2.3
0320	18	19	17	15	18	13	19	15	 	78.82%	70	66	71	73.93	2.3
0785	8	13	19	20	19	20	17	22	 	81.18%	77	60	65	73.87	2.3
1471	17	15	18	18	18	17	20	29	 	89.41%	69	55	60	73.56	2.2
1809	19	17	20	17	19	18	16	18	 	84.71%	61	63	68	73.28	2.2
5548	18	19	17	18	18	14	20	26	 	88.24%	69	55	60	73.09	2.2
6664	9	20	18	20	16	19	19	25	 	85.88%	47	68	73	72.95	2.2
4628	15	19	17	18	15	3	14	19	 	70.59%	73	70	75	72.84	2.2
5720	20	17	13	17	15	18	18	28	 	85.88%	56	63	68	72.75	2.2
5715	20	16	19	16	20	17	20	0	 	75.29%	69	67	72	72.72	2.1
0538	18	20	18	20	19	19	15	28	 	92.35%	60	54	59	72.54	2.1
4862	13	14	14	16	19	13	19	25	 	78.24%	65	65	70	72.29	2.1
0593	16	17	12	18	19	20	20	25	 	86.47%	66	56	61	72.19	2.1
5744	19	16	16	19	17	13	17	23	 	82.35%	48	69	74	72.14	2.1
0593	20	14	15	18	13	11	19	24	 	78.82%	60	66	71	71.93	2.1
1181	19	20	18	19	18	19	20	29	 	95.29%	53	53	58	71.92	2.1
0623	9	15	15	17	18	14	19	26	 	78.24%	67	63	68	71.89	2.1
0482	8	17	14	16	19	11	19	19	 	72.35%	89	56	61	71.14	2
6005	15	17	18	17	15	 	 	9	 	53.53%	71	83	88	70.81	2
1049	19	19	18	17	20	17	18	30	 	92.94%	54	52	57	70.78	2
2212	8	16	8	9	18	18	17	29	 	72.35%	72	62	67	70.14	1.9
9187	18	18	11	 	19	15	 	23	 	61.18%	82	68	73	70.07	1.9
5299	17	15	14	19	14	4	19	28	 	76.47%	61	63	68	69.99	1.9
6887	19	16	19	14	20	17	20	30	 	91.18%	49	54	59	69.87	1.9
5591	 	14	15	17	11	17	15	30	 	70.00%	59	68	73	69.00	1.8
6151	18	20	16	20	19	16	20	25	 	90.59%	52	49	54	68.24	1.7
0382	18	20	15	19	19	20	20	27	 	92.94%	55	45	50	68.18	1.7
3477	9	12	14	15	10	18	18	15	 	65.29%	66	67	72	68.12	1.7
1535	20	19	17	18	15	10	19	18	 	80.00%	50	59	64	67.60	1.6
1317	14	17	18	17	17	12	20	29	 	84.71%	56	51	56	67.48	1.6
5539	15	18	11	19	19	15	20	29	 	85.88%	57	49	54	67.35	1.6
0440	18	12	15	18	17	17	17	0	 	67.06%	74	59	64	67.22	1.6
0047	13	17	0	15	0	19	16	17	 	57.06%	73	68	73	66.62	1.5
5671	15	17	20	16	18	18	17	26	 	86.47%	42	52	57	65.79	1.5
0738	16	18	10	19	16	16	14	 	 	64.12%	66	62	67	65.65	1.5
1619	17	16	15	10	10	14	20	29	 	77.06%	66	49	54	65.62	1.5
4778	16	20	20	 	12	 	9	 	 	45.29%	69	78	83	65.12	1.4
2826	18	18	19	19	18	20	19	29	 	94.12%	32	46	51	64.45	1.4
0343	19	19	20	20	19	17	19	30	 	95.88%	42	38	43	63.95	1.3
4695	9	18	7	11	17	17	12	17	 	63.53%	55	63	68	63.61	1.3
1709	18	20	19	19	19	19	17	27	 	92.94%	36	41	46	62.78	1.2
8050	16	17	17	19	15	10	18	17	 	75.88%	49	50	55	62.15	1.2
0590	18	18	19	18	16	19	13	30	 	88.82%	54	32	37	61.13	1.1
5226	18	20	7	18	 	19	17	 	 	58.24%	67	56	61	61.09	1.1
0305	20	11	12	 	 	20	4	 	 	39.41%	78	67	72	60.16	1
7114	 	19	17	17	19	18	19	30	 	81.76%	34	46	51	59.91	0.9
5896	8	17	15	19	12	11	14	23	 	70.00%	32	58	63	59.60	0.9
5524	19	14	16	19	4	11	14	18	 	67.65%	51	42	47	56.06	0.7
2098	16	19	19	20	19	19	19	26	 	92.35%	23	29	34	55.14	0
7227	19	13	15	19	18	17	17	27	 	85.29%	28	32	37	54.52	0
1582	20	19	13	17	17	17	17	21	 	82.94%	32	31	36	53.98	0
0351	7	11	9	6	14	 	16	10	 	42.94%	35	67	72	52.98	0
1952	15	18	18	19	0	15	18	0	 	60.59%	47	36	41	50.04	0
2333	18	17	15	19	10	6	19	27	 	77.06%	24	29	34	49.22	0
7658	20	 	 	 	 	 	 	 	 	11.76%	66	73	78	49.11	0
0324	19	20	19	19	18	20	19	 	 	78.82%	61	6	11	48.13	0
1457	20	19	18	19	14	 	 	 	 	52.94%	48	34	39	46.38	0
9503	11	7	 	8	 	 	 	 	 	15.29%	70	59	64	45.72	0
2802	 	4	13	13	13	4	 	15	 	36.47%	61	40	45	44.79	0
5728	13	 	10	 	 	3	 	 	 	15.29%	59	52	57	40.72	0
2726	20	10	18	19	16	7	 	 	 	52.94%	54	8	13	37.18	0
1075	9	17	13	 	 	 	 	 	 	22.94%	51	38	43	36.58	0
6314	11	15	13	13	16	15	11	 	 	55.29%	61	 	 	34.32	0
2719	9	10	9	9	 	 	 	 	 	21.76%	56	31	36	34.31	0
1894	8	11	13	18	15	 	 	 	 	38.24%	65	 	 	28.29	0
0187	11	13	 	16	19	 	 	 	 	34.71%	50	 	 	23.88	0
4577	8	17	14	19	17	12	 	 	 	51.18%	 	 	 	20.47	0
5238	 	 	 	 	 	 	 	 	 	0.00%	10	31	36	16.40	0
3435	16	18	16	 	 	 	 	 	 	29.41%	 	 	 	11.76	0
4017	9	15	 	 	 	 	 	 	 	14.12%	 	 	 	5.65	0
5213	 	 	 	 	 	 	 	 	 	0.00%	25	 	 	5.00	0
3109	12	 	 	 	 	 	 	 	 	7.06%	 	 	 	2.82	0
8212	6	 	 	 	 	 	 	 	 	3.53%	 	 	 	1.41	0
0204	 	 	 	 	 	 	 	 	 	0.00%	 	 	 	0.00	0

mean	17.4	17.8	17.3	18.5	17.6	17.0	18.4	26.7	2.0	83.06%	72.9	69.0	 	75.7	2.56
median	19	18	18	19	19	18	19	29	2	91.18%	74.5	70	 	79.15	2.8