last 4 digits of sid	Assign1	Assign2	Assign3	Assign4	Assign5	Assign6	Assign7	Assign8	participation	weekly %	midterm	Final	Adjusted Final	Total	Grade
1288	10	15	20	19	19	19	20	19	20	97.58%	99	99	107	101.63	4.0
0464	10	15	20	20	20	20	20	19	20	99.39%	99	94	102	100.36	4.0
4564	10	15	20	20	20	20	19	19	20	98.79%	96	96	104	100.32	4.0
5656	9	15	20	20	20	20	20	18	20	98.18%	99	94	102	99.87	4.0
5655	9	15	20	20	18	20	20	17	20	96.36%	100	95	103	99.75	4.0
5615	9	15	20	20	19	20	19	20	20	98.18%	99	93	101	99.47	4.0
2412	9	15	20	20	20	19	20	20	20	98.79%	88	97	105	99.12	4.0
0899	9	15	20	20	20	20	20	19	20	98.79%	98	92	100	99.12	4.0
6410	8	15	20	20	20	20	20	20	20	98.79%	98	92	100	99.12	4.0
1849	8	15	20	20	18	20	20	20	20	97.58%	98	93	101	99.03	4.0
4029	9	15	20	20	19	20	19	20	20	98.18%	100	91	99	98.87	4.0
3282	9	15	20	20	20	20	18	19	20	97.58%	97	93	101	98.83	4.0
3568	10	14	18	19	19	20	20	20	20	96.97%	96	93	101	98.39	4.0
4619	9	15	18	20	19	10	20	19	20	90.91%	100	97	105	98.36	4.0
7454	10	15	20	20	20	20	20	19	20	99.39%	99	88	96	97.96	4.0
0172	6	15	18	17	17	20	20	19	20	92.12%	95	96	104	97.45	4.0
9503	7	14	20	20	20	20	20	20	20	97.58%	99	88	96	97.23	4.0
1770	6	15	19	20	20	20	17	18	20	93.94%	94	93	101	96.78	4.0
2198	9	14	20	20	20	20	20	18	20	97.58%	87	92	100	96.43	3.9
4479	9	14	20	20	20	20	18	19	20	96.97%	95	88	96	96.19	3.9
7269	9	15	20	20	18	19	20	20	20	97.58%	89	90	98	96.03	3.9
2575	9	15	20	20	20	20	20	20	20	99.39%	91	87	95	95.96	3.9
1691	9	15	20	20	17	20	19	18	20	95.76%	96	88	96	95.90	3.9
9220	9	15	20	20	19	20	19	19	20	97.58%	94	87	95	95.83	3.9
0090	10	15	20	19	19	20	20	18	20	97.58%	99	84	92	95.63	3.9
1452	9	15	20	16	17	20	18	18	20	92.73%	88	94	102	95.49	3.9
5561	9	15	20	20	20	20	20	20	20	99.39%	94	84	92	95.36	3.9
2050	10	15	18	19	18	20	18	20	20	95.76%	98	84	92	94.70	3.9
2038	10	15	20	20	20	20	10	20	20	93.94%	95	87	95	94.58	3.9
7831	9	15	20	17	17	20	19	17	20	93.33%	82	94	102	94.53	3.9
1142	9	15	20	20	17	20	20	17	20	95.76%	81	92	100	94.50	3.9
1365	9	15	20	19	19	20	20	19	20	97.58%	95	83	91	94.43	3.9
2927	9	15	18	20	16	20	20	16	20	93.33%	87	91	99	94.33	3.9
1206	9	15	20	20	18	20	19	17	20	95.76%	96	84	92	94.30	3.9
3564	9	14	20	20	20	20	20	19	20	98.18%	89	85	93	94.27	3.9
0216	10	15	20	20	17	20	18	19	20	96.36%	99	81	89	93.95	3.8
0430	8	14	20	20	19	20	19	19	20	96.36%	79	91	99	93.95	3.8
0056	10	14	20	20	19	20	20	19	15	95.15%	93	85	93	93.86	3.8
1195	9	15	18	20	20	20	19	20	20	97.58%	80	89	97	93.83	3.8
1431	10	15	20	20	18	18	15	20	20	94.55%	92	86	94	93.82	3.8
6674	9	15	18	17	20	20	19	18	20	94.55%	91	86	94	93.62	3.8
2415	9	15	20	20	18	20	18	15	20	93.94%	90	87	95	93.58	3.8
8751	10	15	20	20	20	20	20	19	20	99.39%	89	82	90	93.56	3.8
1491	9	15	20	20	19	19	19	18	20	96.36%	85	87	95	93.55	3.8
3838	9	13	20	20	20	20	20	19	20	97.58%	94	81	89	93.43	3.8
1075	8	15	16	16	15	20	16	15	20	85.45%	94	93	101	93.38	3.8
1298	10	15	20	20	20	20	20	19	20	99.39%	90	81	89	93.36	3.8
5591	10	14	19	17	19	20	20	20	15	93.33%	90	87	95	93.33	3.8
1538	9	15	20	19	20	19	20	20	20	98.18%	86	84	92	93.27	3.8
3288	9	15	20	18	19	20	20	20	20	97.58%	89	83	91	93.23	3.8
6387	10	15	18	20	19	20	20	 	20	86.06%	96	91	99	93.22	3.8
0590	9	15	20	20	20	20	20	16	20	96.97%	86	85	93	93.19	3.8
1482	10	14	20	19	20	20	20	17	20	96.97%	96	80	88	93.19	3.8
5694	8	14	20	20	20	19	20	18	20	96.36%	88	84	92	92.95	3.8
1744	8	15	20	20	20	20	20	20	20	98.79%	85	83	91	92.92	3.8
1802	9	12	17	18	17	20	20	20	20	92.73%	85	89	97	92.89	3.8
1457	9	15	20	18	20	20	20	19	20	97.58%	87	83	91	92.83	3.8
1809	10	14	19	15	19	20	19	18	20	93.33%	75	93	101	92.73	3.8
5583	10	15	20	20	20	18	20	19	20	98.18%	89	81	89	92.67	3.8
3259	9	15	20	20	20	20	20	18	20	98.18%	89	80	88	92.27	3.7
8415	9	15	20	19	17	20	20	17	20	95.15%	87	84	92	92.26	3.7
1581	9	15	18	19	20	20	17	19	20	95.15%	89	83	91	92.26	3.7
2442	5	15	18	19	19	20	15	16	20	89.09%	81	93	101	92.24	3.7
6570	8	15	19	20	20	20	20	19	20	97.58%	90	80	88	92.23	3.7
7126	7	15	20	17	19	18	20	19	20	93.94%	87	85	93	92.18	3.7
9850	10	15	20	20	20	20	19	19	20	98.79%	85	81	89	92.12	3.7
7343	7	15	20	20	19	20	16	17	20	93.33%	97	80	88	91.93	3.7
1918	8	15	20	20	20	20	20	20	20	98.79%	98	74	82	91.92	3.7
0467	10	15	20	20	20	20	18	19	20	98.18%	85	81	89	91.87	3.7
1504	8	15	20	12	20	20	19	18	20	92.12%	87	86	94	91.85	3.7
1636	8	14	20	17	16	18	20	18	20	91.52%	88	86	94	91.81	3.7
2478	10	15	18	20	19	18	20	20	20	96.97%	85	82	90	91.79	3.7
0952	9	15	17	20	18	20	19	20	20	95.76%	87	82	90	91.70	3.7
4809	9	14	17	16	18	20	20	20	20	93.33%	89	83	91	91.53	3.7
0975	9	15	20	17	20	20	17	18	20	94.55%	90	81	89	91.42	3.7
0653	9	15	20	20	20	20	20	19	20	98.79%	91	76	84	91.32	3.7
0428	8	14	20	20	17	20	20	19	20	95.76%	79	85	93	91.30	3.7
2423	9	15	18	20	20	17	17	20	20	94.55%	91	80	88	91.22	3.7
4524	9	15	17	19	19	20	20	19	20	95.76%	94	77	85	91.10	3.6
0202	9	15	20	20	20	20	20	18	20	98.18%	89	77	85	91.07	3.6
6288	10	14	19	20	20	20	20	19	20	98.18%	87	78	86	91.07	3.6
4862	9	15	20	18	17	19	20	19	20	95.15%	89	80	88	91.06	3.6
3091	7	15	20	16	19	20	18	17	20	92.12%	89	83	91	91.05	3.6
9128	9	15	20	20	19	20	20	18	20	97.58%	82	81	89	91.03	3.6
0972	10	15	18	18	18	20	8	15	20	86.06%	91	88	96	91.02	3.6
5642	10	15	20	20	19	20	18	18	20	96.97%	87	79	87	90.99	3.6
0456	10	15	20	19	20	19	20	20	20	98.79%	83	79	87	90.92	3.6
5651	10	15	20	20	18	20	20	19	20	98.18%	88	77	85	90.87	3.6
1000	8	15	20	15	20	20	18	20	20	94.55%	85	82	90	90.82	3.6
5563	9	15	20	20	20	20	18	20	20	98.18%	89	76	84	90.67	3.6
0768	8	15	20	20	20	20	19	19	20	97.58%	82	80	88	90.63	3.6
0671	10	14	20	14	18	20	20	20	20	94.55%	86	81	89	90.62	3.6
1463	6	15	20	20	19	18	18	18	20	93.33%	93	78	86	90.33	3.6
7478	10	15	19	20	20	20	20	19	18	97.58%	82	79	87	90.23	3.6
1124	7	15	20	20	19	20	20	20	20	97.58%	86	77	85	90.23	3.6
2559	9	15	20	20	17	16	19	20	20	94.55%	96	75	83	90.22	3.6
5271	7	15	20	17	18	20	18	19	20	93.33%	76	86	94	90.13	3.6
5577	10	14	18	19	17	20	16	19	20	92.73%	81	84	92	90.09	3.6
0090	9	15	20	19	20	10	8.5	18	20	84.55%	88	88	96	89.82	3.5
1051	10	14	20	20	19	20	18	19	20	96.97%	87	76	84	89.79	3.5
1654	10	15	20	16	17	20	19	17	20	93.33%	82	82	90	89.73	3.5
0030	9	15	20	20	20	20	19	19	20	98.18%	90	73	81	89.67	3.5
0738	8	14	20	19	17	20	18	20	20	94.55%	85	79	87	89.62	3.5
1080	8	15	20	18	19	20	20	19	20	96.36%	87	76	84	89.55	3.5
0639	9	14	20	20	20	20	20	20	20	98.79%	86	74	82	89.52	3.5
2111	8	14	20	19	19	20	20	18	20	95.76%	86	77	85	89.50	3.5
3833	7	14	20	19	17	19	20	14	20	90.91%	89	80	88	89.36	3.5
4363	7	15	20	19	20	20	19	19	20	96.36%	82	78	86	89.35	3.5
9675	8	15	20	19	18	20	18	18	20	94.55%	81	80	88	89.22	3.5
0603	9	14	20	19	20	20	15	18	20	93.94%	86	78	86	89.18	3.5
1577	10	14	18	20	19	18	18	19	9	87.88%	94	80	88	89.15	3.5
0730	7	14	20	20	18	18	9	17	20	86.67%	96	80	88	89.07	3.5
4320	8	14	19	19	20	20	15	20	12	89.09%	81	85	93	89.04	3.5
2083	9	14	20	20	20	18	20	18	20	96.36%	78	79	87	88.95	3.5
4231	10	14	19	17	20	20	20	18	20	95.76%	89	74	82	88.90	3.5
4523	10	15	20	20	20	18	16	19	20	95.76%	81	78	86	88.90	3.5
6858	5	14	15	19	18	17	16	19	20	86.67%	91	82	90	88.87	3.5
6841	9	14	20	20	19	20	18	20	20	96.97%	86	74	82	88.79	3.4
0251	8	15	18	19	17	19	20	19	20	93.94%	90	75	83	88.78	3.4
7460	10	15	20	20	20	20	20	19	20	99.39%	79	75	83	88.76	3.4
4017	8	15	12	17	18	19	20	19	20	89.70%	80	84	92	88.68	3.4
8237	8	15	18	20	20	20	10	17	20	89.70%	85	81	89	88.48	3.4
2386	9	15	20	20	18	20	18	19	20	96.36%	91	71	79	88.35	3.4
3883	10	15	20	20	19	19	20	20	20	98.79%	86	71	79	88.32	3.4
3175	 	13	20	17	20	14	14	18	20	82.42%	96	82	90	88.17	3.4
0346	6	15	20	20	19	13	18	18	20	90.30%	77	83	91	87.92	3.4
6765	9	15	20	20	19	20	16	19	20	95.76%	86	73	81	87.90	3.4
2536	10	15	20	19	19	20	20	19	20	98.18%	83	72	80	87.87	3.4
3814	9	14	20	20	10	10	10	20	20	80.61%	94	84	92	87.84	3.4
9503	8	 	18	20	16	13	19	19	20	80.61%	90	86	94	87.84	3.4
3555	6	15	16	19	15	20	16	17	20	87.27%	86	81	89	87.71	3.3
1177	9	14	20	19	18	20	16	18	20	93.33%	85	75	83	87.53	3.3
4024	9	15	18	17	17	18	20	19	20	92.73%	70	83	91	87.49	3.3
6732	9	15	18	20	18	20	18	19	20	95.15%	85	73	81	87.46	3.3
8172	10	15	18	20	17	19	19	17	20	93.94%	86	73	81	87.18	3.3
9591	9	15	20	20	18	12	8	18	20	84.85%	78	86	94	87.14	3.3
9165	7	15	20	20	20	18	19	18	20	95.15%	89	70	78	87.06	3.3
9360	9	15	20	18	15	16	17	17	20	89.09%	89	76	84	87.04	3.3
0154	8	15	20	19	19	15	20	17	20	92.73%	87	73	81	86.89	3.3
0591	10	15	19	19	20	20	18	19	20	96.97%	84	70	78	86.79	3.3
5192	10	15	20	20	18	20	19	18	20	96.97%	88	68	76	86.79	3.3
8049	10	15	20	19	20	20	19	9.5	20	92.42%	87	73	81	86.77	3.3
4132	7	15	19	18	19	20	17	19	20	93.33%	91	70	78	86.73	3.3
8151	8	14	18	19	19	10	20	18	20	88.48%	88	76	84	86.59	3.2
4768	9	13	14	20	20	20	20	19	20	93.94%	79	75	83	86.58	3.2
0694	10	15	20	20	19	20	19	20	20	98.79%	79	70	78	86.52	3.2
2156	6	15	17	13	14	19	16	17	20	83.03%	88	81	89	86.41	3.2
2743	10	15	20	18	20	18	15	19	20	93.94%	86	71	79	86.38	3.2
8330	5	15	18	15	19	18	19	18	20	89.09%	83	77	85	86.24	3.2
0307	8	14	17	20	20	20	18	19	20	94.55%	84	71	79	86.22	3.2
3364	8	14	19	17	15	20	17	17	20	89.09%	88	74	82	86.04	3.2
2854	10	15	20	19	18	20	20	19	20	97.58%	83	68	76	86.03	3.2
1022	9	15	20	20	18	18	18	18	20	94.55%	89	68	76	86.02	3.2
7972	7	14	20	20	20	10	9	17	20	83.03%	90	79	87	86.01	3.2
0069	9	15	20	20	19	10	19	19	20	91.52%	87	72	80	86.01	3.2
4375	10	15	20	20	20	20	19	19	20	98.79%	84	66	74	85.92	3.2
5196	10	15	20	20	19	20	20	17	20	97.58%	80	69	77	85.83	3.2
7723	9	15	20	20	20	20	19	17	20	96.97%	91	64	72	85.79	3.2
5188	9	15	20	20	18	20	19	19	20	96.97%	81	69	77	85.79	3.2
6586	9	14	16	15	19	20	16	16	20	87.88%	87	75	83	85.75	3.2
6030	10	15	18	19	19	20	20	17	20	95.76%	87	67	75	85.70	3.2
5051	9	15	20	20	9	20	19	16	20	89.70%	83	75	83	85.68	3.2
0215	10	15	20	20	20	20	17	20	20	98.18%	68	74	82	85.67	3.2
5251	7	15	20	20	19	20	19	20	20	96.97%	84	67	75	85.59	3.2
0349	9	15	20	19	17	20	19	19	20	95.76%	82	69	77	85.50	3.1
1257	9	14	16	18	16	20	17	18	20	89.70%	92	70	78	85.48	3.1
1619	9	14	19	13	19	20	20	18	20	92.12%	81	73	81	85.45	3.1
8946	9	15	20	20	19	14	20	19	20	94.55%	76	73	81	85.42	3.1
9940	10	13	20	18	18	9.5	19	20	20	89.39%	86	73	81	85.36	3.1
3639	8	14	20	20	19	9.5	18	18	20	88.79%	89	72	80	85.32	3.1
4157	8	15	17	18	9	19	20	20	20	88.48%	87	73	81	85.19	3.1
1624	10	15	20	20	18	20	18	19	20	96.97%	82	67	75	85.19	3.1
5757	10	14	19	19	18	19	20	16	20	93.94%	84	69	77	85.18	3.1
1874	7	15	19	16	19	16	19	19	20	90.91%	86	71	79	85.16	3.1
0095	9	15	20	19	20	20	19	17	20	96.36%	85	66	74	85.15	3.1
6485	9	15	20	20	16	20	18	16	20	93.33%	87	68	76	85.13	3.1
9141	10	14	19	20	16	19	17	19	20	93.33%	75	74	82	85.13	3.1
5728	9	14	18	18	17	16	15	9.5	20	82.73%	82	81	89	85.09	3.1
0135	9	14	20	20	20	14	17	20	20	93.33%	88	67	75	84.93	3.1
2390	10	14	20	20	20	20	19	19	20	98.18%	86	63	71	84.87	3.1
5925	9	15	20	18	18	20	20	17	20	95.15%	86	66	74	84.86	3.1
1703	9	14	16	20	20	18	20	20	20	95.15%	80	69	77	84.86	3.1
4651	10	15	19	18	17	20	20	18	20	95.15%	84	67	75	84.86	3.1
0284	10	15	20	20	20	9	18	19	20	91.52%	89	68	76	84.81	3.1
3162	8	15	19	20	19	18	16	20	20	93.94%	84	68	76	84.78	3.1
9945	9	15	20	17	17	20	18	18	20	93.33%	75	73	81	84.73	3.1
0123	8	14	18	20	18	20	20	19	20	95.15%	75	71	79	84.66	3.1
3054	10	15	20	20	20	20	19	17	20	97.58%	86	63	71	84.63	3.1
1061	9	15	20	20	19	19	18	16	20	94.55%	84	67	75	84.62	3.1
1899	8	15	20	17	17	20	16	18	20	91.52%	82	71	79	84.61	3.1
0149	10	15	20	19	19	10	18	19	20	90.91%	81	72	80	84.56	3.1
3567	8	13	19	15	19	17	19	19	20	90.30%	88	69	77	84.52	3.1
5238	9	13	20	20	19	9.5	19	20	20	90.61%	85	70	78	84.44	3.1
5589	10	13	18	17	19	20	20	19	20	94.55%	75	71	79	84.42	3.1
1327	9	14	16	18	18	18	13	18	20	87.27%	84	73	81	84.11	3.0
0304	9	15	20	20	19	12	20	18	20	92.73%	75	72	80	84.09	3.0
3934	8	15	20	19	19	20	19	13	20	92.73%	85	67	75	84.09	3.0
8880	9	15	20	20	18	13	20	17	20	92.12%	74	73	81	84.05	3.0
8229	10	15	20	16	18	20	20	19	18	94.55%	79	68	76	84.02	3.0
9974	10	14	18	20	20	19	18	19	12	90.91%	62	80	88	83.96	3.0
2783	9	14	18	18	17	18	20	20	20	93.33%	82	67	75	83.73	3.0
8430	9	15	20	20	19	19	17	18	20	95.15%	84	64	72	83.66	3.0
2709	9	14	18	18	20	14	16	17	20	88.48%	79	73	81	83.59	3.0
5211	7	15	20	20	15	19	17	19	20	92.12%	81	68	76	83.45	3.0
3999	8	15	20	13	10	17	15	19	20	83.03%	73	81	89	83.41	3.0
2589	9	15	20	19	19	20	19	19	20	96.97%	81	63	71	83.39	3.0
5234	7	14	20	17	20	20	18	18	20	93.33%	78	68	76	83.33	3.0
0896	8	15	20	19	19	13	8	17	20	84.24%	78	77	85	83.30	3.0
1126	8	15	19	17	20	18	18	18	20	92.73%	77	69	77	83.29	3.0
4938	9	15	20	20	9.5	20	9	17	20	84.55%	91	70	78	83.22	3.0
5181	7	15	20	18	17	19	7	18	20	85.45%	85	72	80	83.18	3.0
6754	7	15	20	18	19	20	20	16	20	93.94%	86	63	71	83.18	3.0
5278	9	15	20	20	19	9	18	18	20	89.70%	78	71	79	83.08	3.0
2983	10	15	20	20	18	20	19	19	20	97.58%	77	63	71	82.83	2.9
0399	8	15	20	19	19	20	19	19	20	96.36%	75	65	73	82.75	2.9
9294	8	14	20	17	17	20	19	19	20	93.33%	77	67	75	82.73	2.9
1339	10	15	20	16	18	17	17	20	20	92.73%	74	69	77	82.69	2.9
0180	10	15	20	19	19	10	17	19	20	90.30%	74	71	79	82.52	2.9
2247	9	15	20	20	19	8	17	18	20	88.48%	83	68	76	82.39	2.9
3723	10	15	20	20	19	18	19	19	20	96.97%	78	62	70	82.39	2.9
1693	9	14	17	20	17	20	19	19	20	93.94%	80	64	72	82.38	2.9
4622	7	14	19	19	19	18	20	 	20	82.42%	81	75	83	82.37	2.9
8379	9	15	20	20	19	9	18	18	20	89.70%	82	67	75	82.28	2.9
1445	7	14	20	20	20	19	19	17	20	94.55%	62	72	80	82.22	2.9
3521	7	15	20	19	17	13	20	19	20	90.91%	83	65	73	82.16	2.9
3053	7	15	15	19	19	17	16	14	20	86.06%	76	73	81	82.02	2.9
0605	7	13	20	18	18	20	17	18	20	91.52%	81	65	73	82.01	2.9
1191	8	15	19	18	19	13	13	16	20	85.45%	89	67	75	81.98	2.9
8545	9	15	20	19	19	17	18	17	20	93.33%	89	59	67	81.93	2.9
0229	9	15	17	17	18	9	19	16	20	84.85%	75	74	82	81.74	2.8
4171	10	14	20	20	20	20	10	20	20	93.33%	78	64	72	81.73	2.8
6214	7	13	20	17	16	12	18	15	20	83.64%	79	73	81	81.65	2.8
6809	8	15	20	20	19	20	14	20	20	94.55%	77	63	71	81.62	2.8
0305	9	14	19	19	20	19	11	14	20	87.88%	74	71	79	81.55	2.8
4280	10	15	20	20	18	16	10	20	20	90.30%	75	68	76	81.52	2.8
5718	9	15	16	19	19	20	9	15	20	86.06%	79	70	78	81.42	2.8
2773	8	15	20	15	20	20	20	18	20	94.55%	68	67	75	81.42	2.8
0295	9	14	20	19	20	18	2	18	20	84.85%	83	69	77	81.34	2.8
4888	10	15	20	18	20	20	19	20	20	98.18%	86	54	62	81.27	2.8
7184	7	15	16	18	15	20	19	17	20	89.09%	72	70	78	81.24	2.8
4254	9	15	20	19	20	20	18	17	20	95.76%	80	59	67	81.10	2.8
4492	9	15	19	19	18	19	14	20	20	92.73%	86	59	67	81.09	2.8
2728	8	15	20	20	20	20	16	18	20	95.15%	81	59	67	81.06	2.8
5302	10	15	20	19	18	20	16	19	20	95.15%	77	61	69	81.06	2.8
1853	10	13	20	20	20	20	18	19	20	96.97%	79	58	66	80.99	2.8
3749	7	15	20	19	18	19	20	17	20	93.94%	77	62	70	80.98	2.8
0033	5	11	18	18	19	20	20	19	20	90.91%	79	64	72	80.96	2.8
7855	9	14	16	18	9.5	20	8.5	19	20	81.21%	90	68	76	80.88	2.8
5648	8	13	20	19	19	 	16	 	20	69.70%	81	84	92	80.88	2.8
2121	9	15	20	20	20	20	20	18	20	98.18%	68	62	70	80.87	2.8
4801	8	15	20	20	19	19	17	19	20	95.15%	78	60	68	80.86	2.8
2634	10	15	20	18	20	20	18	18	20	96.36%	84	55	63	80.55	2.7
3044	10	14	12	20	18	6	18	17	20	81.82%	81	71	79	80.53	2.7
1282	8	14	18	18	16	 	18	18	20	78.79%	65	82	90	80.52	2.7
1238	8	14	19	20	20	20	20	19	20	96.97%	82	55	63	80.39	2.7
4791	8	15	18	18	16	15	18	15	20	86.67%	86	63	71	80.27	2.7
9880	9	15	19	19	19	19	16	17	20	92.73%	89	55	63	80.09	2.7
9826	9	15	20	19	20	20	18	18	18	95.15%	83	55	63	79.86	2.7
2524	7	14	20	18	8.5	15	15	18	20	82.12%	84	67	75	79.65	2.6
7421	9	14	17	10	16	18	18	16	18	82.42%	79	69	77	79.57	2.6
2689	7	15	19	18	16	19	18	18	20	90.91%	76	62	70	79.56	2.6
2365	7	15	20	20	18	13	15	17	20	87.88%	78	64	72	79.55	2.6
7083	7	11	20	20	20	16	20	19	20	92.73%	78	59	67	79.49	2.6
7941	9	15	20	20	19	20	19	14	15	91.52%	90	54	62	79.41	2.6
6422	10	15	18	20	16	16	9.5	18	20	86.36%	89	59	67	79.15	2.6
7776	8	15	20	16	19	17	14	20	20	90.30%	73	63	71	79.12	2.6
2923	8	15	16	17	19	10	18	15	20	83.64%	86	63	71	79.05	2.6
1101	7	15	20	20	19	16	8.5	19	20	87.58%	85	59	67	78.83	2.6
1636	10	15	20	18	10	20	19	18	20	90.91%	78	59	67	78.76	2.6
7409	9	15	16	20	19	18	17	16	20	90.91%	84	56	64	78.76	2.6
3251	9	15	20	20	17	18	16	19	20	93.33%	83	54	62	78.73	2.6
7191	7	14	15	18	18	20	20	17	20	90.30%	81	58	66	78.72	2.6
5401	8	13	20	17	20	10	10	19	20	83.03%	81	65	73	78.61	2.6
3943	8	15	17	18	19	16	20	18	20	91.52%	70	62	70	78.61	2.6
7361	9	15	19	19	18	8	20	18	20	88.48%	68	66	74	78.59	2.6
5988	8	15	20	17	18	15	19	18	20	90.91%	67	64	72	78.56	2.6
0680	9	14	20	19	17	19	20	19	20	95.15%	80	53	61	78.46	2.5
1003	7	15	20	18	18	18	18	18	20	92.12%	78	57	65	78.45	2.5
2089	9	15	20	20	18	19	20	19	20	96.97%	68	57	65	78.39	2.5
6830	9	15	19	20	14	20	19	18	20	93.33%	83	53	61	78.33	2.5
8164	6	14	20	17	18	10	19	19	20	86.67%	86	58	66	78.27	2.5
1634	8	14	20	20	16	20	18	20	20	94.55%	54	66	74	78.22	2.5
0170	8	13	20	19	18	17	19	16	20	90.91%	67	63	71	78.16	2.5
0552	8	15	20	18	20	20	8.5	17	20	88.79%	69	64	72	78.12	2.5
7450	6	14	18	17	20	19	17	16	20	89.09%	68	64	72	78.04	2.5
2808	9	15	20	18	20	20	18	18	20	95.76%	80	51	59	77.90	2.5
1189	7	13	16	20	18	17	17	16	15	84.24%	89	58	66	77.90	2.5
1290	8	14	19	18	17	8	17	17	20	83.64%	84	61	69	77.85	2.5
2797	9	15	18	17	17	20	19	16	20	91.52%	72	59	67	77.81	2.5
5029	8	15	20	20	18	18	17	19	6	85.45%	52	75	83	77.78	2.5
3582	7	15	20	20	18	10	20	19	20	90.30%	80	56	64	77.72	2.5
6308	9	15	20	19	16	6	14	14	20	80.61%	77	67	75	77.64	2.5
1698	10	14	19	18	16	9.5	9.5	18	12	76.36%	67	76	84	77.55	2.5
2361	10	15	20	20	18	16	20	10	20	90.30%	81	55	63	77.52	2.5
7933	7	14	20	12	19	20	19	18	18	89.09%	77	58	66	77.44	2.5
8621	10	15	20	19	19	20	17	17	20	95.15%	71	54	62	77.06	2.4
1855	9	15	20	18	19	20	20	20	20	97.58%	58	58	66	77.03	2.4
6651	9	15	20	20	19	9	13	 	18	74.55%	76	72	80	77.02	2.4
9640	8	15	20	19	20	20	19	19	20	96.97%	69	53	61	76.99	2.4
2236	9	15	20	20	18	20	20	18	20	96.97%	67	54	62	76.99	2.4
6759	8	11	20	19	14	8	20	16	12	77.58%	67	73	81	76.83	2.4
2570	8	15	17	20	20	13	16	18	20	89.09%	65	62	70	76.64	2.4
8188	9	15	20	19	17	13	18	19	15	87.88%	81	55	63	76.55	2.4
1960	9	15	19	19	14	7	18	18	20	84.24%	80	59	67	76.50	2.4
5664	6	15	20	19	20	19	17	17	20	92.73%	65	58	66	76.49	2.4
3304	9	11	20	18	18	17	18	17	20	89.70%	71	58	66	76.48	2.4
8489	8	15	20	20	18	20	19	17	20	95.15%	82	47	55	76.46	2.4
5209	10	15	20	20	18	20	19	19	20	97.58%	71	50	58	76.43	2.4
5039	9	15	20	19	16	20	17	19	20	93.94%	80	49	57	76.38	2.4
8212	9	15	18	20	19	20	14	14	20	90.30%	73	56	64	76.32	2.4
5213	10	15	20	18	19	20	5	15	20	86.06%	81	56	64	76.22	2.4
5357	8	15	18	20	20	20	10	19	20	90.91%	85	49	57	76.16	2.4
0042	8	14	19	20	16	16	20	15	20	89.70%	81	52	60	76.08	2.3
5695	9	15	20	20	20	20	19	19	20	98.18%	76	46	54	76.07	2.3
5547	10	14	20	20	10	19	19	17	20	90.30%	83	50	58	75.92	2.3
2479	9	15	18	18	20	 	17	19	20	82.42%	86	56	64	75.77	2.3
6492	8	15	17	17	17	19	8.5	14	20	82.12%	64	67	75	75.65	2.3
1505	9	13	12	19	16	20	15	18	20	86.06%	85	52	60	75.42	2.3
4655	7	14	17	19	8.5	19	4	18	20	76.67%	75	66	74	75.27	2.3
6913	6	15	20	18	20	20	16	17	20	92.12%	74	51	59	75.25	2.3
2829	9	15	20	19	20	20	17	16	20	94.55%	65	53	61	75.22	2.3
1235	7	12	20	18	19	16	7	19	20	83.64%	80	56	64	75.05	2.3
9261	6	15	18	19	19	20	17	20	20	93.33%	58	57	65	74.93	2.2
1620	8	14	15	19	14	10	12	18	20	78.79%	73	64	72	74.92	2.2
1535	9	13	20	19	17	10	19	18	20	87.88%	76	53	61	74.75	2.2
0663	9	15	20	19	17	20	10	 	0	66.67%	66	79	87	74.67	2.2
1069	10	14	19	20	20	20	7.5	18	20	90.00%	66	55	63	74.40	2.2
1551	8	14	20	20	16	20	12	15	20	87.88%	68	56	64	74.35	2.2
0930	10	15	20	10	20	10	19	16	20	84.85%	80	53	61	74.34	2.2
0523	9	15	20	16	19	12	18	20	3	80.00%	73	61	69	74.20	2.2
7527	7	15	20	9.5	9	19	20	19	20	83.94%	85	51	59	74.18	2.2
3668	10	15	20	20	20	19	10	19	20	92.73%	79	45	53	74.09	2.2
4647	7	15	20	14	12	6	13	8	20	69.70%	81	67	75	74.08	2.2
2267	9	13	18	10	20	19	15	18	20	86.06%	72	55	63	74.02	2.2
3630	7	15	20	20	19	19	20	16	20	94.55%	75	45	53	74.02	2.2
3984	8	 	13	20	20	12	8	15	20	70.30%	83	65	73	73.92	2.1
1712	6	14	20	18	19	18	9	15	20	84.24%	79	53	61	73.90	2.1
4772	9	14	16	19	18	17	0	9	20	73.94%	87	59	67	73.78	2.1
3742	10	15	20	20	18	20	18	8.5	20	90.61%	73	49	57	73.64	2.1
1079	7	15	19	15	18	20	20	19	20	92.73%	80	43	51	73.49	2.1
6435	9	15	20	13	16	20	13	18	20	87.27%	72	52	60	73.31	2.1
6339	7	13	20	18	19	 	 	14	20	67.27%	89	63	71	73.11	2.1
9022	8	15	20	20	19	12	19	9.5	20	86.36%	76	50	58	72.95	2.1
1658	9	15	20	20	19	4	20	17	20	87.27%	81	46	54	72.71	2.0
8349	8	15	20	20	20	20	20	19	20	98.18%	55	48	56	72.67	2.0
2139	8	12	18	20	18	12	7.5	7.5	20	74.55%	78	60	68	72.62	2.0
4259	10	14	20	19	19	20	16	18	20	94.55%	70	44	52	72.62	2.0
6272	8	14	20	15	16	8	15	14	20	78.79%	89	50	58	72.52	2.0
6701	9	15	18	19	19	 	7	15	20	73.94%	89	54	62	72.18	2.0
8495	8	15	18	19	18	20	15	18	20	91.52%	77	42	50	72.01	2.0
3383	9	15	20	20	19	20	16	20	20	96.36%	63	43	51	71.55	1.9
2475	6	10	13	17	17	 	18	 	20	61.21%	79	70	78	71.48	1.9
5025	10	15	10	15	20	19	18	17	18	86.06%	69	50	58	71.42	1.9
6069	7	15	17	18	17	19	15	14	20	86.06%	76	46	54	71.22	1.9
1913	10	15	18	19	18	6.5	8	19	20	80.91%	81	48	56	70.96	1.9
4761	8	10	16	19	18	 	16	18	20	75.76%	81	53	61	70.90	1.9
7385	10	15	20	19	14	12	14	15	20	84.24%	86	42	50	70.90	1.9
8741	8	14	18	19	19	19	17	17	20	91.52%	69	43	51	70.81	1.9
1862	8	14	17	17	7.5	7.5	9.5	19	20	72.42%	75	59	67	70.77	1.9
2336	8	14	20	20	16	19	9.5	18	20	87.58%	60	51	59	70.63	1.9
4358	8	15	20	19	18	19	18	9	20	88.48%	78	41	49	70.59	1.9
6229	8	15	20	20	20	9	10	19	20	85.45%	80	43	51	70.58	1.9
9311	9	14	20	18	19	20	17	19	20	94.55%	59	44	52	70.42	1.8
0540	9	15	20	10	18	13	 	19	20	75.15%	77	54	62	70.26	1.8
3420	9	14	15	18	15	15	10	17	20	80.61%	78	48	56	70.24	1.8
8251	7	14	20	20	17	20	20	18	20	94.55%	66	40	48	70.22	1.8
9275	9	14	18	19	16	19	17	18	20	90.91%	69	42	50	70.16	1.8
6605	9	15	19	20	8	5	13	17	20	76.36%	80	51	59	70.15	1.8
8672	8	14	17	15	16	6	18	16	20	78.79%	79	49	57	70.12	1.8
9207	9	15	15	20	10	16	16	17	20	83.64%	76	45	53	69.85	1.8
0091	8	14	17	19	15	13	12	17	18	80.61%	74	49	57	69.84	1.8
7771	8	15	20	19	17	20	17	18	20	93.33%	72	37	45	69.73	1.8
0580	7	15	20	20	14	7	16	15	20	81.21%	67	51	59	69.48	1.7
6203	10	12	18	9	13	8	7	18	20	69.70%	76	58	66	69.48	1.7
4279	9	15	18	14	15	19	10	15	20	81.82%	73	46	54	68.93	1.7
3820	9	14	16	15	17	 	14	18	20	74.55%	81	49	57	68.82	1.7
0389	10	15	19	20	18	10	8.5	20	20	85.15%	83	36	44	68.26	1.6
6317	8	15	20	18	18	 	17	17	20	80.61%	68	48	56	68.24	1.6
2755	10	12	20	9.5	9.5	9	5	19	20	69.09%	77	55	63	68.24	1.6
7964	10	15	20	20	17	10	16	0	18	76.36%	67	52	60	67.95	1.6
0501	8	15	17	18	10	18	16	16	20	83.64%	76	40	48	67.85	1.6
0030	9	14	20	20	20	 	 	 	20	62.42%	82	58	66	67.77	1.6
7160	9	15	20	19	20	 	 	11	12	64.24%	88	53	61	67.70	1.6
6450	6	15	17	20	19	14	20	17	20	89.70%	59	42	50	67.68	1.6
2198	8	14	19	19	20	9	20	19	20	89.70%	47	47	55	67.28	1.5
8235	7	14	20	16	19	6	9.5	18	20	78.48%	71	46	54	67.19	1.5
1354	9	15	20	19	15	 	16	20	20	81.21%	81	38	46	67.08	1.5
8506	8	15	20	19	17	 	17	16	12	75.15%	81	44	52	67.06	1.5
0875	9	13	18	14	16	 	 	13	12	57.58%	75	64	72	66.83	1.5
9970	8	15	16	13	18	16	18	17	20	85.45%	56	45	53	66.58	1.5
8510	8	11	18	18	18	19	15	13	20	84.85%	59	44	52	66.54	1.5
3191	9	14	18	18	18	19	15	16	20	89.09%	60	39	47	66.44	1.5
1394	8	15	20	20	18	0	 	 	20	61.21%	74	59	67	66.08	1.4
0842	9	14	18	15	16	10	16	15	20	80.61%	55	49	57	66.04	1.4
2499	9	15	17	18	18	4	 	 	20	61.21%	28	79	87	64.88	1.3
1397	6	15	16	14	18	 	 	16	20	63.64%	71	55	63	64.85	1.3
2551	9	15	16	19	19	 	15	 	12	63.64%	69	56	64	64.85	1.3
0944	9	15	16	19	16	20	14	 	20	78.18%	67	42	50	64.67	1.3
8789	6	14	19	16	18	 	10	16	20	72.12%	57	53	61	64.65	1.3
5394	9	15	20	18	19	17	19	15	20	92.12%	52	35	43	64.45	1.3
1921	8	15	18	20	10	11	5	18	20	75.76%	70	40	48	63.50	1.2
4291	9	14	20	5	6	 	16	 	20	54.55%	86	53	61	63.42	1.2
1102	9	15	18	18	17	14	12	 	20	74.55%	61	45	53	63.22	1.2
4559	9	15	7	19	20	4	18	19	20	79.39%	63	39	47	63.16	1.2
7351	8	15	18	19	17	 	 	18	18	68.48%	63	47	55	61.99	1.1
1606	6	14	18	19	19	 	 	15	20	67.27%	73	42	50	61.51	1.0
7313	6	15	14	5	20	11	6	8	20	63.64%	70	46	54	61.05	1.0
8442	8	13	18	6	14	 	8	17	15	60.00%	76	46	54	60.80	1.0
9963	7	7	18	11	18	8.5	15	19	20	74.85%	65	36	44	60.54	1.0
0462	7	11	20	15	16	18	12	16	20	81.82%	60	29	37	59.53	0.9
9309	6	14	9	20	18	18	17	16	20	83.64%	38	38	46	59.45	0.9
0644	9	15	20	18	17	20	18	19	20	94.55%	58	17	25	59.42	0.9
2713	7	15	20	14	19	7.5	18	16	20	82.73%	57	29	37	59.29	0.9
4190	9	14	14	15	15	 	5	0	15	52.73%	81	46	54	58.89	0.8
5805	8	15	20	20	16	0	 	 	20	60.00%	86	36	44	58.80	0.8
6153	 	12	20	14	14	10	13	14	20	70.91%	55	40	48	58.56	0.8
9665	9	15	20	 	13	 	 	 	20	46.67%	79	52	60	58.47	0.8
7427	9	15	14	14	16	 	 	1	20	53.94%	64	51	59	57.98	0.7
6852	8	15	17	20	19	 	8	 	12	60.00%	72	40	48	57.60	0.7
3041	7	15	19	19	16	 	 	14	20	66.67%	60	39	47	57.47	0.7
7010	8	14	19	18	16	6	8	15	20	75.15%	50	35	43	57.26	0.7
4943	8	15	19	20	16	13	5	17	20	80.61%	57	26	34	57.24	0.7
0240	6	15	19	15	 	16	6	8.5	20	63.94%	64	39	47	57.18	0.7
7346	8	15	20	20	18	10	17	18	20	88.48%	28	31	39	56.59	0.0
9109	5	15	16	20	17	20	20	19	3	81.82%	38	32	40	56.33	0.0
2045	9	14	16	19	17	20	19	19	20	92.73%	77	 	8	55.69	0.0
2039	7	15	20	19	19	13	17	12	20	86.06%	54	18	26	55.62	0.0
4509	10	15	20	8.5	20	 	8	15	15	67.58%	58	33	41	55.03	0.0
0862	7	13	15	13	14	3	0	13	15	56.36%	70	38	46	54.95	0.0
9978	8	12	12	20	18	 	19	8	20	70.91%	54	30	38	54.36	0.0
8571	10	15	15	19	16	 	 	 	20	57.58%	70	35	43	54.23	0.0
2701	8	15	20	 	9	9.5	 	 	15	46.36%	62	48	56	53.35	0.0
2769	8	14	19	19	13	16	8	18	20	81.82%	31	27	35	52.93	0.0
1238	10	15	19	14	20	 	 	 	20	59.39%	57	30	38	50.36	0.0
8436	7	12	16	8	10	 	 	 	20	44.24%	74	32	40	48.50	0.0
9525	3	15	14	13	6	7	 	 	20	47.27%	73	29	37	48.31	0.0
8007	9	15	20	20	16	 	 	 	12	55.76%	73	18	26	47.30	0.0
8300	8	13	 	13	16	 	 	 	18	41.21%	69	33	41	46.68	0.0
9366	8	15	14	18	19	 	 	 	20	56.97%	50	21	29	44.39	0.0
2570	8	12	7	 	 	18	 	 	20	39.39%	57	34	42	43.96	0.0
0937	9	15	18	13	18	 	7	17	18	69.70%	53	3	11	42.88	0.0
0720	7	13	16	18	16	19	16	 	12	70.91%	56	 	8	42.76	0.0
1072	 	15	20	18	20	9	 	 	20	61.82%	50	8	16	41.13	0.0
6562	8	8	18	16	15	 	5	8	20	59.39%	39	11	19	39.16	0.0
9646	9	14	20	 	 	 	 	 	3	27.88%	46	39	47	39.15	0.0
8798	6	 	 	15	4	 	 	 	20	27.27%	62	27	35	37.31	0.0
8514	9	8	20	19	17	10	 	 	15	59.39%	37	5	13	36.36	0.0
0157	6	8	 	3	14	 	 	14	9	32.73%	51	24	32	36.09	0.0
0866	5	15	16	9	7	 	 	 	20	43.64%	33	22	30	36.05	0.0
2333	6	11	 	20	12	19	 	8	20	58.18%	47	 	8	35.87	0.0
2053	8	13	17	14	14	 	 	 	18	50.91%	48	 	8	33.16	0.0
0233	8	15	20	 	 	 	 	 	20	38.18%	63	 	8	31.07	0.0
9372	8	 	 	17	 	 	 	 	12	22.42%	32	27	35	29.37	0.0
6624	8	13	11	 	 	 	 	 	18	30.30%	58	 	8	26.92	0.0
4707	 	14	 	 	 	0	 	 	20	20.61%	73	 	8	26.04	0.0
8627	7	 	 	 	 	 	 	 	0	4.24%	57	13	21	21.50	0.0
2502	 	 	 	 	 	 	 	 	18	10.91%	17	15	23	16.96	0.0
0085	7	 	 	19	 	 	 	 	0	15.76%	 	 	8	9.50	0.0
0257	 	 	 	 	 	 	 	 	3	1.82%	 	 	8	3.93	0.0
8991	 	 	 	 	 	 	 	 	3	1.82%	 	 	8	3.93	0.0
8772	 	 	 	 	 	 	 	 	0	0.00%	 	 	8	3.20	0.0
4185	 	 	 	 	 	 	 	 	0	0.00%	 	 	8	3.20	0.0

mean	8.5	14.4	18.9	18.3	17.8	17.1	16.7	17.5	19.1	85.55%	78.5	64.6	70.9	78.1	2.6
median	9	15	20	19	19	19	18	18	20	91.21%	81	67	75	81.69	2.8