last 4 digits of sid	assign1	assign2	assign3	assign4	assign5	assign6	assign7	assign8	participation	weekly %	midterm	final	total	grade
0015	9	14	20	16	19	20	20	19	20	95.15%	94	69	84.46	3
0016	9	15	20	17	14	18	19	19	20	91.52%	82	76	83.41	2.9
0030	9	14	20	17	15	17	20	20	20	92.12%	55	81	80.25	2.6
0040	10	15	20	17	16	16	13	18	20	87.88%	93	82	86.55	3.2
0047	9	15	16	19	17	18	19	20	20	92.73%	75	80	84.09	2.9
0052	5	15	19	20	18	17	17	0	0	67.27%	32	 	33.31	0
0054	9	15	19	19	20	17	19	17	20	93.94%	87	100	94.98	3.9
0086	9	15	20	20	18	17	20	18	20	95.15%	75	52	73.86	2
0109	8	14	20	17	18	20	20	20	20	95.15%	92	91	92.86	3.7
0116	10	15	20	18	20	17	16	18	20	93.33%	95	79	87.93	3.3
0142	10	15	20	18	20	19	19	19	20	96.97%	60	61	75.19	2.1
0155	10	15	20	20	19	17	15	13	20	90.30%	52	77	77.32	2.3
0164	9	14	17	19	12	19	20	20	20	90.91%	90	92	91.16	3.6
0165	10	15	20	20	20	20	18	19	20	98.18%	72	78	84.87	3
0183	10	15	20	20	20	20	20	18	20	98.79%	84	81	88.72	3.4
0196	9	15	19	19	13	18	16	9	20	83.64%	89	79	82.85	2.8
0204	9	15	20	19	20	19	17	 	20	84.24%	92	89	87.70	3.3
0206	9	15	20	20	20	20	18	19	20	97.58%	88	95	94.63	3.8
0206	10	15	19	20	16	18	19	16	20	92.73%	81	68	80.49	2.6
0211	10	13	20	19	20	20	20	20	20	98.18%	98	87	93.67	3.8
0255	9	15	20	19	17	20	14	15	20	90.30%	69	61	74.32	2
0264	8	14	18	0	19	19	0	18	20	70.30%	85	86	79.52	2.5
0281	6	15	20	19	18	19	18	18	20	92.73%	62	50	69.49	1.6
0289	 	 	15	14	15	18	19	 	15	58.18%	82	72	68.47	1.5
0320	9	15	19	20	20	19	19	18	20	96.36%	82	83	88.15	3.3
0322	6	14	20	19	16	16	12	16	20	84.24%	85	60	74.70	2.1
0325	8	13	19	18	18	19	16	16	20	89.09%	70	79	81.24	2.7
0335	9	14	14	11	12	12	20	16	6	69.09%	67	45	59.04	0.7
0337	9	15	20	6	19	 	0	10	20	60.00%	72	45	56.40	0
0351	9	15	20	18	17	16	20	17	20	92.12%	61	51	69.45	1.6
0379	9	14	20	20	18	0	18	15	20	81.21%	81	61	73.08	1.9
0382	10	15	20	20	18	19	19	18	20	96.36%	89	91	92.75	3.7
0392	9	15	17	19	18	20	17	17	20	92.12%	79	88	87.85	3.3
0398	8	14	20	18	17	18	18	16	20	90.30%	88	70	81.72	2.7
0410	10	15	19	20	20	17	18	19	20	95.76%	79	87	88.90	3.4
0433	10	15	15	18	0	16	18	19	20	79.39%	81	59	71.56	1.7
0438	9	15	20	20	20	20	0	20	20	87.27%	88	61	76.91	2.3
0443	8	15	20	19	17	17	18	17	20	91.52%	67	80	82.01	2.8
0447	8	15	20	20	20	20	20	20	20	98.79%	100	97	98.32	4
0456	9	14	13	16	19	17	20	18	20	88.48%	58	43	64.19	1.1
0471	10	15	19	20	19	19	15	19	20	94.55%	79	76	84.02	2.9
0473	7	15	20	18	14	20	17	19	20	90.91%	49	37	60.96	0.8
0475	9	14	20	20	16	19	20	18	20	94.55%	98	96	95.82	3.9
0477	9	15	20	20	20	20	18	18	20	96.97%	80	80	86.79	3.2
0481	10	15	20	20	18	20	20	20	20	98.79%	95	98	97.72	4
0482	9	15	18	20	18	20	18	19	20	95.15%	92	93	93.66	3.8
0484	9	0	 	 	0	 	 	0	12	12.73%	61	 	17.29	0
0489	10	14	20	19	19	20	20	18	20	96.97%	90	95	94.79	3.8
0494	10	15	20	20	19	19	20	20	20	98.79%	75	92	91.32	3.6
0519	9	15	20	20	20	20	20	20	20	99.39%	79	80	87.56	3.3
0541	9	15	18	19	19	19	17	20	20	94.55%	93	95	94.42	3.8
0554	9	15	20	20	15	17	19	14	6	81.82%	80	89	84.33	2.9
0580	10	15	20	20	17	18	20	19	20	96.36%	97	90	93.95	3.8
0586	9	14	20	20	20	20	19	20	20	98.18%	98	82	91.67	3.6
0593	10	14	13	17	19	20	17	18	20	89.70%	87	91	89.68	3.5
0596	9	15	20	20	18	20	13	8	18	85.45%	87	91	87.98	3.3
0606	10	14	20	17	5	 	3	0	15	50.91%	30	32	39.16	0
0670	8	15	20	17	19	18	20	18	20	93.94%	87	74	84.58	3
0743	9	15	20	19	19	19	0	18	20	84.24%	67	65	73.10	1.9
0874	10	15	20	20	19	20	20	19	20	98.79%	76	80	86.72	3.2
0887	9	15	20	20	19	18	0	13	20	81.21%	68	61	70.48	1.7
0896	9	15	20	20	0	20	20	17	20	85.45%	88	85	85.78	3.1
0906	7	14	16	14	11	15	14	 	15	64.24%	59	60	61.50	0.9
0946	9	14	20	19	20	20	17	19	20	95.76%	89	90	92.10	3.6
0960	9	15	19	20	18	19	19	18	20	95.15%	87	64	81.06	2.7
0962	10	15	19	20	16	19	19	19	20	95.15%	88	95	93.66	3.8
0968	9	15	20	18	19	19	18	19	20	95.15%	66	71	79.66	2.5
1028	9	14	20	19	18	0	20	18	20	83.64%	90	82	84.25	2.9
1034	10	14	20	20	20	18	20	19	20	97.58%	91	76	87.63	3.3
1040	9	14	19	13	0	16	0	17	20	65.45%	57	76	67.98	1.4
1049	10	15	20	20	20	19	19	18	20	97.58%	84	78	87.03	3.2
1071	10	15	19	20	19	17	18	20	20	95.76%	89	87	90.90	3.6
1072	9	15	19	19	19	19	19	19	20	95.76%	79	85	88.10	3.3
1107	10	15	20	19	19	18	19	19	20	96.36%	78	89	89.75	3.5
1139	8	15	17	16	12	11	3	15	20	70.91%	82	61	69.16	1.5
1156	10	15	20	19	20	20	20	18	20	98.18%	92	100	97.67	4
1161	10	13	18	19	16	19	0	18	20	80.61%	63	79	76.44	2.2
1174	10	15	20	20	20	20	20	20	20	100.00%	99	100	99.80	4
1181	9	14	20	 	 	 	 	 	6	29.70%	61	 	24.08	0
1186	10	15	18	20	19	19	 	19	20	84.85%	80	86	84.34	2.9
1203	9	15	20	20	19	19	20	18	20	96.97%	92	95	95.19	3.9
1221	9	15	20	20	20	16	18	20	12	90.91%	78	85	85.96	3.1
1226	9	15	17	20	19	17	16	7	20	84.85%	71	60	72.14	1.8
1231	9	15	20	20	20	19	20	20	20	98.79%	91	93	94.92	3.9
1268	10	15	16	18	16	11	9	12	20	76.97%	39	66	64.99	1.1
1286	10	15	17	20	19	20	17	18	20	94.55%	95	91	93.22	3.7
1293	9	15	20	19	19	0	0	16	20	71.52%	63	40	57.21	0
1306	9	15	20	19	20	16	0	18	20	83.03%	77	68	75.81	2.2
1312	10	15	20	18	19	20	20	19	20	97.58%	93	99	97.23	4
1379	4	14	20	18	20	18	10	18	20	86.06%	97	98	93.02	3.7
1388	10	13	20	16	19	18	19	19	20	93.33%	88	92	91.73	3.6
1402	9	14	20	20	20	19	20	18	20	96.97%	93	95	95.39	3.9
1442	7	15	19	19	19	0	20	 	20	72.12%	78	51	64.85	1.1
1471	10	15	20	19	19	 	20	18	20	85.45%	78	66	76.18	2.2
1471	9	15	16	19	18	17	20	18	20	92.12%	89	84	88.25	3.3
1478	10	14	19	19	17	17	19	19	20	93.33%	91	85	89.53	3.5
1489	9	15	20	19	16	18	17	18	20	92.12%	77	68	79.45	2.5
1501	9	15	20	19	18	19	19	17	20	94.55%	92	79	87.82	3.3
1557	7	15	20	19	19	20	20	17	20	95.15%	69	65	77.86	2.4
1580	9	15	20	19	19	18	19	16	20	93.94%	80	67	80.38	2.6
1597	9	15	18	19	19	15	15	18	20	89.70%	82	68	79.48	2.5
1598	 	11	13	16	19	18	5	0	15	58.79%	92	80	73.92	2
1612	9	15	18	16	19	18	18	19	20	92.12%	70	82	83.65	2.9
1623	9	15	20	20	18	19	20	19	20	96.97%	84	84	89.19	3.4
1654	9	15	20	19	20	19	19	20	20	97.58%	95	91	94.43	3.8
1655	9	13	20	20	17	17	10	10	20	82.42%	45	40	57.97	0
1683	9	15	18	19	18	19	20	18	20	94.55%	85	93	92.02	3.6
1694	9	15	20	18	19	18	20	19	20	95.76%	87	92	92.50	3.7
1709	9	15	20	20	19	17	20	20	20	96.97%	79	76	84.99	3
1728	9	12	20	19	18	0	 	 	6	50.91%	99	98	79.36	2.5
1729	10	13	20	14	20	 	 	15	20	67.88%	64	36	54.35	0
1747	9	15	20	20	20	20	19	18	20	97.58%	87	89	92.03	3.6
1782	10	15	19	20	18	19	16	18	20	93.94%	91	81	88.18	3.3
1796	9	15	20	20	19	19	19	18	20	96.36%	89	97	95.15	3.9
1812	9	15	17	20	19	19	18	18	20	93.94%	91	79	87.38	3.2
1822	10	14	20	19	20	18	0	14	20	81.82%	62	74	74.73	2.1
1858	9	15	20	20	18	20	20	20	20	98.18%	98	93	96.07	3.9
1866	8	15	20	18	0	0	15	15	20	67.27%	64	46	58.11	0
1882	8	15	20	14	15	15	8	 	15	66.67%	60	90	74.67	2.1
1894	9	15	18	19	17	19	19	18	20	93.33%	92	65	81.73	2.7
1902	10	15	20	20	19	20	18	20	20	98.18%	85	63	81.47	2.7
1935	7	15	20	20	14	18	17	19	20	90.91%	97	94	93.36	3.7
1958	10	14	20	18	18	12	 	18	20	78.79%	73	57	68.92	1.5
2011	8	14	20	19	20	17	20	19	15	92.12%	84	67	80.45	2.6
2041	7	14	19	16	16	16	13	 	0	61.21%	84	91	77.68	2.4
2045	9	15	20	20	19	 	 	18	15	70.30%	72	65	68.52	1.5
2093	10	12	20	16	20	20	20	19	20	95.15%	82	58	77.66	2.4
2098	10	15	20	19	18	18	18	19	20	95.15%	81	80	86.26	3.1
2107	10	15	20	20	19	20	20	20	20	99.39%	92	90	94.16	3.8
2204	9	15	20	20	20	20	20	19	20	98.79%	94	95	96.32	4
2207	9	15	20	20	20	20	18	19	20	97.58%	90	91	93.43	3.7
2219	8	13	19	17	15	17	18	12	20	84.24%	81	79	81.50	2.7
2230	9	14	18	5	17	18	 	0	15	58.18%	87	86	75.07	2.1
2242	10	14	20	19	20	19	20	20	20	98.18%	86	94	94.07	3.8
2245	9	15	20	20	0	18	19	0	20	73.33%	89	46	65.53	1.2
2279	10	15	20	19	0	18	0	19	20	73.33%	69	64	68.73	1.5
2333	9	12	19	19	9	17	0	17	20	73.94%	60	82	74.38	2
2339	9	13	20	20	19	17	19	19	20	94.55%	90	72	84.62	3
2359	8	15	20	18	18	17	 	 	12	65.45%	36	 	33.38	0
2362	9	15	19	19	20	0	20	19	20	85.45%	81	65	76.38	2.2
2405	9	15	18	17	0	17	9	17	0	61.82%	31	12	35.73	0
2422	10	14	20	13	16	6	0	19	20	71.52%	81	62	69.61	1.6
2448	9	15	20	18	20	19	18	 	18	83.03%	87	84	84.21	2.9
2461	9	15	18	18	19	19	20	16	18	92.12%	74	65	77.65	2.4
2473	8	15	20	18	18	17	0	18	20	81.21%	89	75	80.28	2.6
2500	10	14	20	19	18	19	20	18	20	95.76%	96	98	96.70	4
2543	9	15	20	20	20	20	20	19	20	98.79%	81	92	92.52	3.7
2566	6	15	20	17	19	15	13	18	20	86.67%	61	87	81.67	2.7
2581	9	15	18	19	18	0	18	14	18	78.18%	90	95	87.27	3.2
2586	8	13	18	 	17	 	 	 	3	35.76%	44	 	23.10	0
2602	6	13	20	19	17	18	20	18	20	91.52%	81	85	86.81	3.2
2611	10	14	20	20	20	20	18	18	20	96.97%	97	98	97.39	4
2626	10	15	19	20	16	20	20	20	20	96.97%	97	92	94.99	3.9
2711	9	14	20	20	20	20	19	19	20	97.58%	79	75	84.83	3
2726	7	15	18	16	17	0	0	17	20	66.67%	77	64	67.67	1.4
2730	10	14	20	19	17	18	20	18	20	94.55%	85	90	90.82	3.6
2746	9	15	17	20	0	20	0	16	20	70.91%	79	76	74.56	2.1
2761	9	15	20	19	19	18	20	20	20	96.97%	88	96	94.79	3.8
2770	9	15	20	17	6	 	 	0	3	42.42%	43	22	34.37	0
2792	9	14	20	20	16	3	18	 	20	72.73%	36	9	39.89	0
2814	9	15	20	19	19	19	18	20	20	96.36%	91	90	92.75	3.7
2828	10	15	20	19	17	17	19	18	20	93.94%	78	52	73.98	2
2842	7	10	20	19	19	16	15	19	20	87.88%	56	42	63.15	1
2892	10	15	20	19	20	8	0	15	20	76.97%	71	55	66.99	1.3
2927	8	13	20	19	17	19	14	17	20	89.09%	84	81	84.84	3
2992	9	15	18	17	15	18	6	15	20	80.61%	79	55	70.04	1.6
3030	6	12	18	19	18	5	11	18	20	76.97%	72	74	74.79	2.1
3042	8	15	20	18	18	18	16	16	20	90.30%	83	76	83.12	2.8
3045	10	14	18	18	16	17	14	19	20	88.48%	74	89	85.79	3.1
3078	10	15	20	18	17	17	20	19	20	94.55%	85	70	82.82	2.8
3150	9	15	20	19	17	20	20	19	20	96.36%	95	93	94.75	3.8
3177	4	14	20	20	20	18	20	18	20	93.33%	42	59	69.33	1.5
3239	9	14	19	20	16	17	19	15	15	87.27%	84	86	86.11	3.1
3250	10	15	20	18	20	18	19	20	20	96.97%	89	76	86.99	3.2
3264	8	14	20	18	18	18	15	14	20	87.88%	77	79	82.15	2.8
3279	10	15	20	20	19	20	20	20	20	99.39%	89	99	97.16	4
3304	9	15	20	18	17	19	20	20	20	95.76%	89	95	94.10	3.8
3384	9	14	20	20	16	18	19	18	20	93.33%	81	83	86.73	3.2
3389	8	14	20	0	15	16	0	13	20	64.24%	84	49	62.10	0.9
3422	10	13	20	19	19	17	17	15	20	90.91%	77	59	75.36	2.1
3431	10	15	20	0	20	18	0	15	20	71.52%	79	70	72.41	1.8
3454	9	14	13	19	19	20	20	9	20	86.67%	43	55	65.27	1.2
3464	9	14	20	20	20	19	18	19	20	96.36%	97	91	94.35	3.8
3477	7	14	20	19	17	14	16	17	20	87.27%	87	80	84.31	2.9
3505	10	15	20	19	20	20	20	20	20	99.39%	81	83	89.16	3.4
3506	8	15	20	19	19	18	20	20	20	96.36%	95	95	95.55	3.9
3519	9	15	19	19	17	17	14	16	20	88.48%	55	58	69.59	1.6
3519	8	15	20	19	18	18	19	17	20	93.33%	87	54	76.33	2.2
3539	8	15	16	16	16	18	17	18	20	87.27%	88	87	87.31	3.2
3542	10	15	20	20	20	20	20	18	20	98.79%	96	96	97.12	4
3574	10	15	19	20	17	16	19	17	20	92.73%	91	85	89.29	3.4
3749	7	14	20	19	18	19	20	16	20	92.73%	90	83	88.29	3.3
3776	10	14	20	20	20	0	20	16	20	84.85%	89	75	81.74	2.7
3780	6	15	19	20	19	17	10	15	20	85.45%	74	74	78.58	2.5
3786	9	14	20	19	19	19	19	19	20	95.76%	73	77	83.70	2.9
3799	10	14	20	18	18	17	20	19	20	94.55%	86	92	91.82	3.6
3803	9	15	20	20	19	16	17	18	20	93.33%	85	84	87.93	3.3
3841	9	13	19	12	19	19	16	18	9	81.21%	66	75	75.68	2.2
3847	9	15	19	20	20	17	20	20	20	96.97%	90	86	91.19	3.6
3857	10	13	20	17	19	15	18	18	20	90.91%	95	93	92.56	3.7
3937	9	14	20	20	19	20	20	19	20	97.58%	88	81	89.03	3.4
3952	10	15	20	19	19	17	20	20	20	96.97%	90	93	93.99	3.8
3978	9	15	20	20	20	18	16	17	20	93.94%	91	80	87.78	3.3
4005	9	15	20	19	19	19	14	14	20	90.30%	79	77	82.72	2.8
4009	10	15	20	17	17	16	14	19	20	89.70%	69	56	72.08	1.8
4018	9	15	20	19	17	20	18	18	20	94.55%	71	52	72.82	1.9
4032	9	14	19	19	18	20	20	20	20	96.36%	98	100	98.15	4
4127	8	15	18	20	16	15	17	17	15	85.45%	67	62	72.38	1.8
4146	10	15	20	20	19	19	20	20	20	98.79%	72	83	87.12	3.2
4166	8	14	20	18	19	18	20	19	20	94.55%	85	76	85.22	3
4265	10	14	20	19	20	18	19	20	20	96.97%	91	86	91.39	3.6
4267	10	15	20	19	19	19	20	17	20	96.36%	86	87	90.55	3.5
4282	8	15	19	18	16	14	17	16	20	86.67%	83	74	80.87	2.6
4336	9	15	18	20	18	19	19	19	20	95.15%	84	83	88.06	3.3
4337	8	14	17	16	8	18	18	6	20	75.76%	48	52	60.70	0.8
4395	9	15	14	17	19	 	 	18	20	67.88%	81	70	71.35	1.7
4439	9	15	14	16	18	18	18	16	20	87.27%	60	55	68.91	1.5
4449	9	15	20	18	19	20	20	20	20	97.58%	 	87	73.83	2
4477	9	15	20	20	20	10	14	20	20	89.70%	60	56	70.28	1.6
4507	9	14	20	19	19	19	20	19	20	96.36%	77	59	77.55	2.3
4508	9	14	14	18	17	 	 	 	12	50.91%	53	23	40.16	0
4568	10	14	20	20	19	18	20	17	20	95.76%	80	89	89.90	3.5
4595	10	15	20	20	20	0	20	19	20	87.27%	80	91	87.31	3.2
4674	6	15	16	15	19	16	 	18	15	72.73%	71	42	60.09	0.8
4678	9	15	20	0	20	17	20	14	20	81.82%	48	94	79.93	2.6
4683	9	15	19	19	20	20	20	19	20	97.58%	87	98	95.63	3.9
4772	9	15	19	20	20	20	18	11	20	92.12%	93	79	87.05	3.2
4779	9	15	19	18	17	20	17	14	20	90.30%	34	41	59.32	0.7
4846	6	15	20	17	19	19	19	18	20	92.73%	84	80	85.89	3.1
4851	10	15	20	20	20	19	20	20	20	99.39%	90	94	95.36	3.9
4900	9	15	18	20	18	17	16	18	18	90.30%	85	82	85.92	3.1
4975	9	15	16	11	15	13	12	9	20	72.73%	65	39	57.69	0
5024	9	15	20	18	20	20	20	20	20	98.18%	81	88	90.67	3.5
5113	10	15	15	0	0	0	0	0	6	27.88%	43	48	38.95	0
5131	9	15	18	19	18	17	20	18	20	93.33%	93	90	91.93	3.6
5153	10	15	14	19	18	17	19	19	20	91.52%	85	38	68.81	1.5
5189	8	14	20	17	14	16	0	16	20	75.76%	66	67	70.30	1.6
5208	8	15	20	20	18	20	20	19	20	96.97%	98	98	97.59	4
5226	10	15	20	20	0	19	0	18	20	73.94%	89	88	82.58	2.8
5243	10	12	17	16	17	9	0	0	20	61.21%	64	33	50.48	0
5390	9	14	20	19	18	0	0	0	20	60.61%	73	55	60.84	0.8
5396	10	15	20	20	20	18	20	18	20	97.58%	92	95	95.43	3.9
5421	9	15	19	19	17	17	19	 	20	81.82%	82	67	75.93	2.2
5452	10	15	20	20	19	19	20	18	20	97.58%	83	65	81.63	2.7
5539	10	15	20	20	18	13	15	12	20	86.67%	53	73	74.47	2.1
5575	10	14	20	19	20	20	15	20	20	95.76%	90	94	93.90	3.8
5642	9	14	19	20	20	20	20	19	20	97.58%	84	92	92.63	3.7
5703	9	15	20	20	20	20	20	20	20	99.39%	98	90	95.36	3.9
5726	4	14	17	19	11	15	16	17	20	80.61%	48	55	63.84	1.1
5859	9	14	20	19	20	17	20	20	20	96.36%	80	79	86.15	3.1
5863	9	11	20	19	17	19	18	17	20	90.91%	62	50	68.76	1.5
5866	10	15	16	18	15	16	16	19	20	87.88%	67	24	58.15	0
5963	7	15	20	20	20	20	19	19	20	96.97%	92	94	94.79	3.8
6005	8	15	19	17	18	19	20	15	20	91.52%	55	44	65.21	1.2
6040	9	15	20	20	20	20	20	18	20	98.18%	93	98	97.07	4
6129	9	14	20	19	19	19	20	16	20	94.55%	53	45	66.42	1.3
6133	9	15	17	19	18	20	20	19	20	95.15%	82	89	90.06	3.5
6177	10	15	20	20	18	20	18	20	20	97.58%	93	89	93.23	3.7
6192	8	15	12	13	13	 	 	6	12	47.88%	80	54	56.75	0
6253	9	13	20	13	14	15	10	15	20	78.18%	84	44	65.67	1.2
6295	8	15	18	19	19	20	20	18	20	95.15%	85	85	89.06	3.4
6310	9	15	20	17	20	19	0	19	20	84.24%	53	55	66.30	1.3
6360	8	15	19	18	18	17	13	18	20	88.48%	79	82	83.99	2.9
6380	9	15	20	18	19	20	20	19	20	96.97%	92	93	94.39	3.8
6400	10	14	20	20	17	18	20	14	20	92.73%	91	87	90.09	3.5
6477	9	15	19	17	16	18	18	11	20	86.67%	64	57	70.27	1.6
6486	9	14	20	15	0	12	0	14	20	63.03%	72	57	62.41	1
6500	9	14	20	18	19	17	20	16	20	92.73%	83	78	84.89	3
6520	9	15	19	19	17	19	18	16	20	92.12%	76	73	81.25	2.7
6523	9	14	20	20	19	20	20	20	20	98.18%	96	94	96.07	3.9
6602	10	15	20	19	17	0	15	18	20	81.21%	64	69	72.88	1.9
6624	9	15	9	20	20	15	6	 	15	66.06%	57	51	58.22	0
6634	8	14	19	18	19	20	16	19	20	92.73%	82	88	88.69	3.4
6664	8	15	19	19	20	19	20	18	20	95.76%	88	90	91.90	3.6
6714	9	14	20	20	 	12	0	18	9	61.82%	57	67	62.93	1
6740	9	14	20	19	20	16	17	20	18	92.73%	50	56	69.49	1.6
6802	6	15	20	16	16	13	15	19	20	84.85%	57	51	65.74	1.2
6805	7	13	19	17	17	16	17	18	18	86.06%	72	80	80.82	2.6
6809	9	15	20	20	19	20	20	20	20	98.79%	90	93	94.72	3.8
6887	6	15	20	20	17	19	20	15	20	92.12%	88	90	90.45	3.5
6974	8	14	20	20	20	19	20	20	20	97.58%	91	82	90.03	3.5
7107	5	15	20	18	19	20	7	15	20	84.24%	76	77	79.70	2.5
7208	10	15	20	17	20	20	20	20	20	98.18%	94	88	93.27	3.7
7246	10	13	17	0	0	0	0	16	20	46.06%	31	36	39.02	0
7292	10	14	19	18	16	16	17	17	20	89.09%	90	84	87.24	3.2
7321	8	14	20	19	18	18	9	18	20	87.27%	80	53	72.11	1.8
7346	6	15	20	20	16	18	18	18	20	91.52%	81	59	76.41	2.2
7380	10	14	20	20	18	16	19	18	20	93.94%	79	88	88.58	3.4
7436	8	15	19	5	16	 	 	 	6	41.82%	67	40	46.13	0
7445	9	14	17	19	18	19	12	18	20	88.48%	88	73	82.19	2.8
7451	4	14	20	0	0	0	0	0	18	33.94%	34	25	30.38	0
7565	8	 	20	18	16	 	20	 	12	56.97%	26	 	27.99	0
7575	7	15	20	19	20	19	19	17	20	94.55%	66	65	77.02	2.3
7816	7	13	20	16	18	12	10	13	20	78.18%	73	56	68.27	1.4
7859	10	15	18	20	20	20	20	19	20	98.18%	92	92	94.47	3.8
7860	7	14	20	16	18	18	20	18	20	91.52%	44	49	65.01	1.1
7886	9	15	16	16	20	19	0	19	20	81.21%	88	85	84.08	2.9
7898	7	14	19	20	12	 	11	12	20	69.70%	56	28	50.28	0
7989	8	14	20	13	16	14	17	16	20	83.64%	70	51	67.85	1.4
8051	8	14	14	18	18	18	17	18	20	87.88%	61	58	70.55	1.7
8071	9	15	19	19	19	19	20	19	20	96.36%	85	92	92.35	3.7
8081	9	15	20	20	19	18	13	18	20	92.12%	70	67	77.65	2.4
8103	8	15	20	20	20	19	20	19	20	97.58%	84	80	87.83	3.3
8110	9	15	20	18	18	 	 	 	18	59.39%	54	60	58.56	0.7
8153	10	15	19	20	16	20	0	16	20	82.42%	56	57	66.97	1.3
8166	10	14	20	17	17	20	0	12	20	78.79%	68	59	68.72	1.5
8233	 	14	18	 	12	4	18	 	3	41.82%	73	68	58.53	0.7
8288	8	15	17	17	18	19	20	16	20	90.91%	68	59	73.56	1.9
8406	9	14	19	20	20	17	15	17	20	91.52%	73	79	82.81	2.8
8428	9	15	19	20	10	13	14	20	18	83.64%	73	31	60.45	0.8
8510	9	14	20	20	19	20	19	19	20	96.97%	63	76	81.79	2.7
8536	9	15	20	 	 	 	 	 	20	38.79%	70	45	47.52	0
8564	9	15	20	19	18	16	15	18	20	90.91%	77	56	74.16	2
8602	8	15	 	 	 	 	 	 	6	17.58%	 	 	7.03	0
8604	10	14	18	19	19	18	19	18	20	93.94%	89	93	92.58	3.7
8627	5	15	20	17	18	19	6	13	0	68.48%	62	 	39.79	0
8660	9	14	20	19	20	20	0	18	20	84.85%	74	54	70.34	1.6
8753	9	15	20	19	17	19	0	17	20	82.42%	87	88	85.57	3.1
8798	9	9	0	14	8	0	 	 	6	27.88%	48	36	35.15	0
8827	8	14	19	19	19	20	0	0	15	69.09%	61	62	64.64	1.1
8828	7	15	18	17	20	18	17	18	20	90.91%	83	84	86.56	3.2
8855	10	15	20	20	19	20	16	17	20	95.15%	93	96	95.06	3.9
8861	9	15	20	5	12	 	 	13	20	56.97%	61	53	56.19	0
8863	10	15	20	18	20	19	0	16	20	83.64%	87	82	83.65	2.9
8875	9	15	20	19	19	20	18	18	20	95.76%	98	100	97.90	4
8876	8	14	20	19	16	17	19	16	20	90.30%	76	71	79.72	2.5
8923	10	14	20	18	20	20	17	18	20	95.15%	91	94	93.86	3.8
8942	8	14	20	18	16	18	19	15	20	89.70%	28	33	54.68	0
8957	9	15	20	20	15	20	20	19	20	95.76%	82	85	88.70	3.4
8979	9	15	20	18	20	17	20	18	20	95.15%	78	80	85.66	3.1
9123	10	15	20	15	19	19	20	18	20	94.55%	73	78	83.62	2.9
9146	9	14	20	19	20	18	17	18	20	93.94%	70	85	85.58	3.1
9173	9	14	16	19	17	0	0	0	20	57.58%	73	47	56.43	0
9178	9	14	18	20	17	 	18	0	15	67.27%	63	39	55.11	0
9190	8	13	10	17	19	14	2	13	20	70.30%	70	44	59.72	0.7
9222	9	15	19	20	15	20	20	18	20	94.55%	91	82	88.82	3.4
9248	8	12	20	18	18	14	17	16	20	86.67%	84	61	75.87	2.2
9340	10	14	19	20	20	19	20	20	20	98.18%	97	99	98.27	4
9369	9	14	20	18	15	14	15	15	20	84.85%	41	41	58.54	0.7
9385	8	14	20	19	19	17	16	19	20	92.12%	92	87	90.05	3.5
9452	9	15	19	19	15	19	16	15	20	89.09%	84	70	80.44	2.6
9462	8	14	20	19	16	16	20	16	20	90.30%	79	52	72.72	1.9
9470	9	14	19	19	17	17	18	20	20	92.73%	69	72	79.69	2.5
9497	9	14	19	20	17	19	20	19	20	95.15%	87	81	87.86	3.3
9498	10	15	19	19	18	17	20	17	20	93.94%	81	79	85.38	3
9689	9	14	17	20	17	16	19	18	15	87.88%	85	87	86.95	3.2
9720	9	15	19	20	18	19	20	19	20	96.36%	67	48	71.15	1.7
9769	9	15	17	20	17	15	17	10	20	84.85%	59	39	61.34	0.9
9840	7	13	19	16	19	18	16	19	20	89.09%	74	65	76.44	2.2
9865	8	14	18	19	19	17	17	16	20	89.70%	74	74	80.28	2.6
9889	10	13	19	20	0	16	17	0	20	69.70%	61	71	68.48	1.5
9899	9	13	20	19	 	18	 	 	15	56.97%	57	53	55.39	0
9930	10	13	19	16	17	19	20	18	20	92.12%	80	69	80.45	2.6
9953	10	15	20	19	20	20	19	18	20	97.58%	68	70	80.63	2.6
9963	9	15	20	20	20	3	15	20	20	86.06%	70	84	82.02	2.8
9979	10	13	18	19	17	19	14	17	20	89.09%	80	72	80.44	2.6
9988	8	14	20	19	17	20	17	16	20	91.52%	50	44	64.21	1.1
9992	9	14	17	20	18	17	20	19	20	93.33%	69	72	79.93	2.6

mean	8.9	14.4	19.1	18.1	17.2	16.8	15.7	16.7	18.8	86.0%	77.1	73.4	78.4	2.5
median	9.0	15.0	20.0	19.0	18.0	18.0	18.0	18.0	20.0	91.5%	81.0	79.0	82.0	2.8