
last 4 digits of sid	assign1	assign2	assign3	assign4	bonus4	assign5	assign6	assign7	assign8	bonus8	Late_Days	explore	weekly %	midterm	final	total	grade
8744	18	18	20	20	0	18	18	19	29	2	2	0	95.3%	99	101	98.32	4
0725	18	19	19	19	0	20	18	20	30	2	0	4	97.8%	98	98	97.94	4
4603	19	18	19	20	 	20	18	17	27	 	0	0	92.9%	99	101	97.38	4
4559	19	20	20	16	2	19	16	20	27	 	4	0	93.5%	99	99	96.81	4
6915	17	19	20	18	0	20	15	18	27	 	4	0	90.6%	100	101	96.64	4
1694	17	19	20	19	 	19	19	20	29	 	5	0	95.3%	98	97	96.52	4
1266	18	16	18	19	1	19	16	19	29	2	3	0	92.4%	98	99	96.14	4
0668	18	17	20	19	2	17	19	17	28	 	5	3	92.9%	100	97	95.98	4
5554	19	16	19	19	2	19	19	20	30	 	1	0	95.9%	97	95	95.75	4
1715	19	17	16	19	 	20	20	19	29	 	2	0	93.5%	95	98	95.61	4
7576	18	19	18	19	1	20	19	15	27	2	3	0	92.9%	95	98	95.38	4
5358	20	17	19	18	 	20	20	18	23	2	0	0	92.4%	100	96	95.34	4
5013	19	17	18	20	1	17	20	17	28	 	3	3	92.9%	91	99	94.98	4
6820	18	18	19	20	1	17	17	17	30	 	0	0	92.4%	100	95	94.94	4
5873	19	17	16	19	 	18	18	19	29	2	5	0	92.4%	92	99	94.94	4
6005	18	19	18	17	1	16	15	20	30	2	0	0	91.8%	97	97	94.91	3.9
1107	18	19	15	19	1	20	18	20	30	2	0	4	96.1%	88	97	94.83	3.9
6208	17	17	14	18	 	18	19	16	29	2	1	0	88.2%	98	99	94.49	3.9
9954	19	17	18	20	1	19	17	18	29	 	4	0	92.9%	100	93	94.38	3.9
3180	19	19	18	13	1	17	17	18	28	2	5	5	90.4%	97	97	94.36	3.9
5634	18	17	18	18	 	13	17	16	30	 	5	0	86.5%	100	99	94.19	3.9
4606	19	18	18	19	1	19	18	19	26	 	2	0	92.4%	89	98	93.94	3.9
1745	20	18	17	19	 	20	17	20	30	 	0	0	94.7%	98	91	93.88	3.9
3804	18	18	17	19	0	19	18	17	27	 	0	0	90.0%	95	97	93.80	3.9
4908	18	17	18	16	 	19	19	17	30	 	4	0	90.6%	98	94	93.44	3.9
2933	18	18	20	17	1	19	17	20	29	 	5	0	93.5%	90	95	93.41	3.9
7965	18	18	17	19	0	19	18	13	24	 	3	0	85.9%	95	100	93.35	3.9
1661	20	20	20	20	2	20	19	20	28	2	4	2	101.0%	92	86	93.19	3.9
9970	19	18	18	16	 	20	16	17	27	 	0	0	88.8%	94	97	93.13	3.9
5954	18	19	18	16	 	19	15	16	28	 	2	0	87.6%	94	98	93.06	3.9
7353	18	16	18	17	1	19	18	18	28	0	1	0	90.0%	95	95	93.00	3.8
0573	18	17	19	19	 	20	17	17	28	 	1	0	91.2%	100	91	92.87	3.8
5953	17	15	18	18	 	20	16	19	26	 	0	0	87.6%	98	95	92.66	3.8
3633	19	17	20	17	 	18	18	15	28	 	3	3	90.0%	89	97	92.60	3.8
9831	17	16	19	19	 	20	17	19	26	 	2	0	90.0%	95	94	92.60	3.8
2240	19	17	18	18	0	19	15	19	28	 	2	0	90.0%	95	94	92.60	3.8
2555	18	18	19	20	 	20	20	19	28	 	1	0	95.3%	92	90	92.52	3.8
1721	18	13	15	20	 	18	19	15	25	 	2	0	84.1%	94	100	92.45	3.8
5225	16	16	19	20	1	20	16	20	26	 	3	0	90.6%	99	91	92.44	3.8
8905	18	18	15	18	0	20	20	17	27	 	5	0	90.0%	90	96	92.40	3.8
3009	19	19	17	17	2	20	18	20	28	2	1	0	95.3%	97	87	92.32	3.8
7745	18	17	19	20	 	19	18	16	27	 	0	0	90.6%	96	92	92.24	3.8
2629	19	19	16	18	 	19	18	18	27	 	4	0	90.6%	96	92	92.24	3.8
2493	18	20	19	18	 	19	17	20	28	2	4	0	94.7%	88	91	91.88	3.8
2286	19	18	18	19	 	19	20	17	28	 	3	0	92.9%	100	86	91.58	3.8
0886	17	15	18	18	0	17	19	17	28	 	3	0	87.6%	92	95	91.46	3.8
2235	18	18	20	17	 	17	20	19	26	2	5	0	92.4%	96	88	91.34	3.8
0484	15	17	18	14	 	19	18	14	25	 	5	0	82.4%	96	98	91.34	3.8
4797	17	17	20	17	 	18	15	18	28	 	3	0	88.2%	88	96	91.29	3.8
2921	17	16	17	18	0	19	18	16	26	 	3	2	86.9%	98	91	90.75	3.7
8972	18	15	18	17	 	12	17	16	24	2	5	3	82.4%	95	97	90.74	3.7
0200	18	16	19	18	1	19	17	18	30	 	1	0	91.8%	100	85	90.71	3.7
8193	20	20	20	19	1	18	19	19	29	 	2	3	97.6%	94	82	90.66	3.7
7744	18	17	19	19	 	18	17	15	25	 	1	0	87.1%	97	91	90.62	3.7
3551	19	17	16	17	1	19	17	19	27	2	4	1	90.8%	91	90	90.51	3.7
2804	18	17	17	15	0	19	18	20	28	 	1	0	89.4%	88	92	90.16	3.7
0084	19	16	18	16	 	19	16	18	29	 	2	0	88.8%	94	89	89.93	3.7
9772	17	18	17	20	 	20	16	18	25	 	5	0	88.8%	98	87	89.93	3.7
6852	17	17	18	17	 	16	18	16	29	 	0	0	87.1%	95	90	89.82	3.7
2431	20	18	20	19	0	18	19	20	27	2	0	0	95.9%	95	81	89.75	3.7
5330	18	19	18	18	0	18	20	19	27	 	1	0	92.4%	99	82	89.54	3.6
0844	19	18	17	17	1	20	17	16	28	2	0	0	91.2%	96	84	89.27	3.6
3246	18	18	19	19	0	18	18	19	30	 	2	0	93.5%	97	81	89.21	3.6
7291	16	19	18	19	 	19	16	18	29	 	2	2	91.0%	84	90	89.19	3.6
1002	17	14	16	18	2	17	18	19	30	 	5	0	88.8%	90	89	89.13	3.6
0559	15	15	15	17	 	19	16	17	26	 	2	0	82.4%	88	96	88.94	3.6
1671	20	18	18	19	 	20	18	20	28	 	4	3	95.3%	99	77	88.72	3.6
8062	18	17	18	19	1	19	17	14	29	 	1	0	89.4%	96	84	88.56	3.6
4514	19	17	19	16	2	17	20	19	25	 	0	0	90.6%	95	83	88.44	3.6
2269	18	16	19	20	1	17	17	14	25	 	0	0	86.5%	95	87	88.39	3.6
3811	15	17	16	18	1	16	18	19	25	0	4	0	85.3%	95	88	88.32	3.6
0817	17	18	19	20	 	20	20	20	28	 	0	0	95.3%	97	77	88.32	3.6
4357	19	19	18	15	1	20	17	19	28	 	5	0	91.8%	88	85	88.31	3.6
6008	19	19	14	20	 	18	18	19	29	2	0	4	93.7%	98	78	88.29	3.6
5523	19	19	19	20	1	20	20	16	29	2	1	0	97.1%	97	75	88.22	3.6
1749	15	17	16	18	1	18	18	13	29	 	3	0	85.3%	84	93	88.12	3.6
2452	18	18	18	19	1	19	18	19	29	 	3	5	94.5%	97	77	88.00	3.6
5215	20	18	20	19	 	19	20	14	29	 	3	0	93.5%	90	81	87.81	3.5
4714	19	17	20	17	1	20	20	19	29	2	0	0	96.5%	88	79	87.79	3.5
2695	20	19	18	19	 	20	17	20	29	 	5	0	95.3%	86	81	87.72	3.5
2054	19	15	18	15	 	20	17	17	28	 	1	0	87.6%	97	83	87.66	3.5
4423	19	17	19	17	1	19	16	17	29	 	0	0	90.6%	97	80	87.64	3.5
0298	19	18	19	19	 	19	19	18	30	 	2	0	94.7%	91	78	87.28	3.5
4858	20	17	19	19	2	20	20	19	29	 	4	0	97.1%	88	77	87.22	3.5
8821	19	18	16	18	 	20	15	17	28	 	5	0	88.8%	96	81	87.13	3.5
5416	18	18	20	19	 	18	16	18	26	 	5	0	90.0%	95	80	87.00	3.5
5067	18	17	20	17	0	20	19	16	26	 	5	0	90.0%	90	82	86.80	3.5
1234	17	15	19	16	 	18	16	20	30	 	0	0	88.8%	94	81	86.73	3.5
6942	18	16	16	15	0	19	14	16	21	0	2	3	80.0%	88	92	86.40	3.5
3064	20	18	19	16	 	19	18	20	28	 	0	0	92.9%	88	79	86.38	3.5
4685	19	18	19	17	 	20	20	20	29	 	3	0	95.3%	83	79	86.32	3.5
2618	19	16	18	18	1	17	16	19	30	2	5	0	91.8%	90	79	86.31	3.5
4543	18	17	18	17	0	19	17	18	27	2	2	0	90.0%	75	88	86.20	3.5
6444	17	19	17	18	 	19	20	18	25	 	4	5	91.0%	95	77	86.19	3.5
7423	17	17	19	18	1	19	17	19	29	 	3	3	92.4%	90	78	86.14	3.5
8461	20	19	12	17	 	18	17	17	26	 	2	2	86.3%	97	80	85.91	3.4
3140	19	19	18	20	0	17	19	17	28	2	3	5	94.5%	84	78	85.80	3.4
1497	16	14	19	17	 	18	17	15	23	1	5	0	82.4%	94	85	85.74	3.4
3200	16	15	20	17	 	19	15	14	24	 	4	0	82.4%	89	87	85.54	3.4
6833	17	17	19	19	 	18	18	20	28	 	2	0	91.8%	98	73	85.51	3.4
8147	18	18	18	18	0	18	16	19	25	 	0	0	88.2%	83	84	85.49	3.4
6061	17	17	15	18	1	18	19	20	29	 	1	0	90.6%	90	78	85.44	3.4
1288	20	18	20	19	0	16	17	15	23	 	4	0	87.1%	93	80	85.42	3.4
6054	11	15	19	19	 	15	14	11	26	 	5	0	76.5%	90	92	85.39	3.4
0663	17	19	19	18	1	20	19	19	26	 	5	0	92.9%	69	86	85.38	3.4
5553	18	18	11	18	 	17	16	17	28	 	4	0	84.1%	94	82	85.25	3.4
0941	19	18	19	17	 	18	16	18	27	2	5	0	90.6%	87	79	85.24	3.4
3948	19	18	16	18	1	19	18	15	29	 	5	0	90.0%	91	77	85.00	3.4
4512	19	18	16	19	1	20	14	20	30	 	0	0	92.4%	98	71	84.94	3.4
1013	17	19	18	16	 	19	18	20	28	 	0	0	91.2%	90	76	84.87	3.4
6132	18	16	16	15	 	20	19	13	30	 	4	0	86.5%	87	82	84.79	3.4
0308	19	19	17	19	2	19	17	19	28	2	3	0	94.7%	84	75	84.68	3.3
0491	17	16	17	18	0	16	18	17	23	2	0	0	84.7%	89	82	84.48	3.3
2565	18	17	18	19	 	18	19	16	26	 	4	4	89.6%	77	83	84.44	3.3
5035	18	14	17	18	 	19	18	17	30	 	2	0	88.8%	83	80	84.13	3.3
3921	16	18	18	19	 	18	17	19	30	 	0	0	91.2%	98	70	84.07	3.3
4083	15	16	17	17	1	18	16	18	29	2	4	0	87.6%	98	73	83.86	3.3
3224	17	17	19	16	1	19	18	15	29	2	2	0	90.0%	72	83	83.60	3.3
0373	17	13	4	19	 	14	16	18	27	 	5	0	75.3%	89	89	83.52	3.2
6959	18	18	18	19	 	20	17	20	26	 	1	0	91.8%	82	76	83.51	3.2
9753	18	15	17	17	 	16	14	19	28	 	1	0	84.7%	90	79	83.48	3.2
1767	18	16	17	19	 	18	16	20	25	 	2	0	87.6%	86	78	83.46	3.2
3580	17	18	19	15	 	16	15	17	29	2	4	0	87.1%	83	80	83.42	3.2
0051	19	15	18	19	 	20	20	15	30	 	2	0	91.8%	85	74	83.31	3.2
2487	15	17	18	18	 	20	15	19	28	 	4	0	88.2%	92	74	83.29	3.2
0468	19	18	19	17	 	18	20	16	26	 	5	0	90.0%	100	68	83.20	3.2
5485	16	14	17	14	 	16	14	17	26	 	0	0	78.8%	96	81	83.13	3.2
3850	16	20	19	19	1	19	17	19	29	2	0	0	94.7%	84	71	83.08	3.2
0533	17	18	18	6	 	18	16	19	24	 	5	0	80.0%	93	81	83.00	3.2
0037	18	18	19	19	 	18	14	17	28	 	0	0	88.8%	81	78	82.93	3.2
2292	18	18	18	15	 	17	16	18	30	 	5	0	88.2%	80	79	82.89	3.2
1680	20	17	18	17	 	17	20	17	29	 	5	0	91.2%	88	72	82.87	3.2
9554	17	17	18	20	1	14	18	16	28	 	1	0	87.6%	83	78	82.86	3.2
2553	19	17	18	19	 	19	20	19	27	 	1	0	92.9%	84	72	82.78	3.2
5984	18	18	19	17	 	20	19	19	25	 	2	0	91.2%	87	72	82.67	3.2
6327	18	17	17	17	 	15	18	14	16	 	2	0	77.6%	86	86	82.66	3.2
6046	18	18	16	16	 	19	14	20	27	 	3	0	87.1%	87	76	82.62	3.2
4668	16	17	16	16	 	19	18	18	27	 	5	0	86.5%	92	74	82.59	3.2
0267	19	18	17	17	0	15	15	13	16	 	1	0	76.5%	88	86	82.59	3.2
5174	20	17	18	18	 	20	16	17	26	 	3	0	89.4%	74	80	82.56	3.2
0259	18	16	18	18	 	19	18	20	28	2	2	0	92.4%	80	74	82.54	3.2
9905	19	20	18	17	1	20	17	18	28	2	0	0	94.1%	81	71	82.25	3.1
0897	17	17	18	18	 	20	15	17	29	 	3	0	88.8%	75	79	82.13	3.1
8963	18	16	15	11	 	14	19	19	26	 	2	0	81.2%	74	87	82.07	3.1
2275	13	18	17	17	 	16	15	19	29	 	4	2	85.1%	96	72	82.04	3.1
0317	17	15	17	17	1	18	16	18	28	 	0	0	86.5%	79	79	81.99	3.1
5354	18	13	18	18	0	19	19	19	27	 	2	0	88.8%	76	78	81.93	3.1
5443	18	15	15	14	1	18	17	17	24	 	5	5	82.7%	90	77	81.90	3.1
9878	17	16	15	16	0	16	15	16	30	2	1	0	84.1%	93	74	81.85	3.1
6021	16	19	17	15	 	19	16	20	30	 	0	0	89.4%	84	73	81.76	3.1
2245	20	18	16	20	 	19	19	19	30	 	0	0	94.7%	79	70	81.68	3.1
7738	19	18	20	17	 	18	19	20	28	 	5	3	94.1%	90	65	81.65	3.1
0132	17	15	17	16	 	15	16	16	26	 	5	0	81.2%	88	78	81.27	3.1
8934	19	17	18	18	 	19	16	15	28	 	2	0	88.2%	79	75	81.09	3.0
3062	17	17	18	16	 	17	18	11	13	 	4	0	74.7%	90	83	81.08	3.0
3854	19	17	18	19	0	18	17	19	27	 	5	0	90.6%	72	76	81.04	3.0
9824	19	15	16	19	1	18	19	19	26	 	0	0	89.4%	92	67	80.96	3.0
3727	20	16	17	19	 	19	20	19	26	 	3	0	91.8%	77	72	80.91	3.0
2296	16	18	19	17	1	14	17	17	28	 	4	0	86.5%	81	75	80.79	3.0
2162	16	14	19	17	0	18	18	17	22	 	3	0	82.9%	92	73	80.78	3.0
8283	18	16	17	18	 	18	16	17	29	 	1	0	87.6%	98	65	80.66	3.0
4601	18	17	17	16	 	14	8	16	25	 	5	0	77.1%	87	81	80.62	3.0
5247	19	18	18	19	 	20	17	19	29	 	5	0	93.5%	90	63	80.61	3.0
1970	17	17	17	15	 	18	17	19	24	 	5	0	84.7%	77	78	80.48	3.0
5667	19	16	16	20	 	14	17	18	24	 	3	2	85.1%	82	75	80.44	3.0
8259	15	15	14	13	1	19	8	16	27	 	3	0	75.3%	95	78	80.32	3.0
8603	18	19	19	16	 	19	14	19	26	 	1	0	88.2%	81	72	80.29	3.0
0119	20	15	18	16	 	17	19	15	25	 	1	0	85.3%	88	71	80.12	3.0
0552	17	17	17	17	 	18	15	18	24	 	3	0	84.1%	84	74	80.05	3.0
4530	17	19	18	15	 	14	16	18	26	 	5	0	84.1%	80	76	80.05	3.0
1059	20	17	16	17	 	18	20	19	27	 	3	0	90.6%	83	68	80.04	3.0
4768	17	18	16	16	 	17	17	20	25	 	3	0	85.9%	84	72	79.95	3.0
5158	18	15	16	12	 	16	14	16	21	 	3	0	75.3%	89	80	79.92	3.0
2693	16	17	18	16	 	19	18	14	26	 	5	0	84.7%	84	73	79.88	2.9
1130	17	15	14	19	 	16	19	18	25	 	3	0	84.1%	95	68	79.85	2.9
5431	16	18	19	19	 	19	18	18	30	2	5	0	93.5%	76	68	79.81	2.9
9013	20	18	17	18	 	20	16	18	19	 	2	0	85.9%	92	67	79.55	2.9
6197	17	18	17	19	 	20	18	15	28	 	5	0	89.4%	56	81	79.36	2.9
0690	16	18	18	19	1	17	15	18	26	 	3	4	87.8%	87	67	79.34	2.9
7414	18	17	15	12	 	18	18	15	29	 	4	0	83.5%	83	73	79.21	2.9
0205	19	18	19	18	 	18	17	17	27	 	0	0	90.0%	82	67	79.20	2.9
0429	16	15	18	14	 	14	11	12	21	 	5	0	71.2%	93	80	79.07	2.9
1053	18	17	17	16	 	16	19	19	21	 	1	0	84.1%	95	66	79.05	2.9
9989	18	16	12	10	 	16	19	19	27	 	2	0	80.6%	82	76	79.04	2.9
2158	20	15	17	18	 	17	19	13	18	 	0	0	80.6%	84	75	79.04	2.9
6678	17	19	14	17	 	20	16	20	25	 	2	0	87.1%	75	73	79.02	2.9
2757	18	16	12	16	 	19	17	18	26	 	4	0	83.5%	94	67	79.01	2.9
1132	18	18	16	20	0	18	17	16	24	 	0	0	86.5%	79	71	78.79	2.9
2263	19	18	18	16	 	18	17	17	26	 	0	0	87.6%	84	67	78.66	2.8
5098	15	14	12	16	 	16	17	18	28	 	3	0	80.0%	85	74	78.60	2.8
6765	18	18	18	17	 	17	14	18	27	 	5	0	86.5%	82	69	78.59	2.8
6052	18	15	17	20	 	19	15	20	30	 	2	3	91.2%	74	68	78.47	2.8
7277	17	19	18	12	 	14	13	16	28	 	5	0	80.6%	79	76	78.44	2.8
6584	17	14	14	15	 	15	18	16	23	 	5	0	77.6%	90	73	78.26	2.8
1233	16	18	19	17	 	18	18	17	29	 	1	0	89.4%	84	64	78.16	2.8
5850	18	19	17	13	 	15	15	20	28	 	1	0	85.3%	90	65	78.12	2.8
2511	19	19	19	18	 	19	18	17	27	 	5	0	91.8%	77	65	78.11	2.8
1125	20	17	18	17	 	19	18	19	27	 	2	0	91.2%	80	64	78.07	2.8
7905	19	19	19	19	 	18	17	18	26	 	0	0	91.2%	78	65	78.07	2.8
8592	14	15	18	16	 	15	17	20	27	 	5	0	83.5%	83	70	78.01	2.8
2616	16	16	17	16	1	15	16	19	29	 	4	0	85.3%	57	81	77.92	2.8
4329	16	15	17	15	 	14	18	10	27	 	2	3	78.2%	93	70	77.89	2.8
2282	19	17	15	17	 	20	18	16	29	 	5	0	88.8%	92	59	77.53	2.8
9631	15	17	12	16	 	13	13	18	16	 	5	1	70.8%	86	80	77.51	2.8
9252	16	18	20	19	 	19	18	18	28	 	2	0	91.8%	76	64	77.51	2.8
3238	19	17	16	16	 	20	16	15	28	 	4	0	86.5%	92	61	77.39	2.7
8429	18	17	18	20	 	18	17	19	25	 	5	0	89.4%	80	64	77.36	2.7
1248	17	16	18	15	 	18	17	14	25	 	5	0	82.4%	68	77	77.34	2.7
5934	19	16	18	17	 	20	18	19	16	 	4	0	84.1%	90	64	77.25	2.7
9522	19	15	16	19	 	18	13	13	24	 	5	0	80.6%	71	77	77.24	2.7
2189	19	19	16	19	 	16	15	15	27	 	5	0	85.9%	86	64	77.15	2.7
4892	19	19	17	15	 	18	13	18	26	 	4	0	85.3%	85	65	77.12	2.7
5162	20	19	20	19	1	18	20	20	29	 	3	0	97.6%	72	59	77.06	2.7
2259	19	17	16	18	 	18	15	17	27	 	5	0	86.5%	69	71	76.79	2.7
5662	18	17	16	15	 	15	15	15	26	 	5	0	80.6%	83	69	76.44	2.7
4440	17	15	17	16	 	18	13	12	28	 	4	0	80.0%	84	69	76.40	2.7
2794	19	19	16	17	 	17	17	19	25	 	1	0	87.6%	86	60	76.26	2.7
6218	19	18	19	19	1	17	15	20	30	 	1	0	92.9%	85	55	76.18	2.6
8502	17	13	17	19	 	18	16	16	25	 	1	0	82.9%	69	73	76.18	2.6
3610	15	16	16	11	1	19	15	18	24	 	3	0	79.4%	76	73	76.16	2.6
4563	16	18	18	19	 	18	16	18	25	 	0	1	87.3%	74	66	76.10	2.6
2104	19	17	17	19	 	12	19	18	26	 	0	0	86.5%	83	62	75.99	2.6
2084	19	16	18	17	1	15	17	19	6	 	5	0	75.3%	73	78	75.92	2.6
4855	14	16	14	17	 	17	15	19	20	 	1	0	77.6%	72	76	75.86	2.6
3773	19	15	16	15	 	14	18	17	6	 	5	0	70.6%	99	69	75.64	2.6
2000	17	18	19	19	 	16	14	17	20	 	4	0	82.4%	83	65	75.54	2.6
5101	16	15	16	19	1	19	18	20	26	 	4	0	88.2%	73	64	75.49	2.6
2004	14	15	17	14	 	17	14	2	24	 	5	0	68.8%	79	80	75.33	2.6
2290	18	19	17	17	 	18	13	19	29	 	5	0	88.2%	82	59	75.29	2.6
5962	18	18	14	16	 	17	10	19	26	 	4	0	81.2%	68	73	75.27	2.6
0900	18	18	18	18	 	16	14	15	19	 	2	0	80.0%	78	69	75.20	2.6
1064	19	14	13	13	 	14	10	15	24	 	5	0	71.8%	86	73	75.11	2.6
4166	17	11	14	14	 	18	10	 	23	 	5	0	62.9%	91	79	74.98	2.5
0811	20	15	19	16	0	18	17	19	27	2	4	0	90.0%	84	55	74.80	2.5
0594	17	15	14	10	 	18	13	17	27	 	0	0	77.1%	81	69	74.62	2.5
9324	15	16	11	17	0	19	17	18	29	 	4	0	83.5%	80	63	74.61	2.5
6620	12	16	17	13	1	18	17	19	25	 	5	0	81.2%	84	63	74.47	2.5
4895	19	19	19	 	 	17	1	 	27	 	5	0	60.0%	92	80	74.40	2.5
0507	16	17	17	10	 	18	12	17	28	 	2	0	79.4%	73	70	74.36	2.5
1164	15	16	7	18	 	17	16	18	27	 	5	0	78.8%	68	73	74.33	2.5
6707	16	16	10	17	 	18	14	17	15	 	5	0	72.4%	86	70	74.14	2.5
5594	18	17	12	16	 	20	12	17	27	 	5	0	81.8%	69	69	74.11	2.5
8615	14	17	17	17	 	15	12	6	25	 	5	0	72.4%	83	71	73.94	2.5
2130	18	17	17	18	 	18	15	19	27	 	2	0	87.6%	76	59	73.86	2.5
1968	14	19	12	18	 	16	12	14	9	 	1	0	67.1%	82	76	73.62	2.4
3938	18	19	19	18	 	19	20	20	30	 	0	0	95.9%	50	63	73.55	2.4
2145	20	18	17	17	 	16	19	18	15	 	2	0	82.4%	77	63	73.54	2.4
0054	19	17	18	17	 	18	16	13	25	 	2	0	84.1%	69	65	73.45	2.4
4431	19	19	16	17	 	19	16	12	27	 	5	0	85.3%	80	58	73.32	2.4
6898	17	19	16	19	 	19	12	16	26	 	5	0	84.7%	63	67	73.28	2.4
3368	14	7	12	17	0	16	15	13	27	 	3	0	71.2%	89	66	72.67	2.4
8893	16	17	18	19	 	12	9	13	26	 	5	0	76.5%	74	68	72.59	2.4
5587	16	18	17	12	 	13	12	15	8	 	5	0	65.3%	80	76	72.52	2.3
5210	19	14	16	10	 	17	18	13	26	 	2	0	78.2%	75	65	72.29	2.3
5164	13	14	18	19	 	13	18	13	25	 	5	0	78.2%	77	64	72.29	2.3
4978	15	18	15	12	 	15	13	14	27	 	3	0	75.9%	75	67	72.15	2.3
7013	17	17	16	12	 	16	14	15	14	 	5	0	71.2%	84	67	72.07	2.3
8686	16	16	8	14	0	14	18	19	27	 	5	0	77.6%	85	60	72.06	2.3
2703	16	16	17	15	 	18	17	13	25	 	0	0	80.6%	81	59	72.04	2.3
2484	18	18	18	18	 	16	15	17	28	 	1	0	87.1%	63	61	71.82	2.3
1207	18	18	17	18	 	19	5	8	13	 	5	4	69.0%	89	66	71.81	2.3
7257	16	16	6	17	 	14	15	16	13	 	5	0	66.5%	74	76	71.79	2.3
3894	13	16	14	14	 	14	16	10	27	 	5	0	72.9%	79	67	71.78	2.3
2257	14	18	17	17	 	16	10	18	23	 	5	0	78.2%	80	61	71.69	2.3
1061	19	17	16	18	 	18	15	13	22	 	5	0	81.2%	72	62	71.67	2.3
6710	15	16	16	11	 	18	14	13	11	 	0	0	67.1%	81	71	71.42	2.3
0610	19	17	16	15	 	16	16	10	25	 	5	0	78.8%	43	78	71.33	2.2
7388	18	16	17	16	 	17	11	14	13	 	5	0	71.8%	83	65	71.31	2.2
5154	18	16	19	18	 	18	19	14	7	 	2	0	75.9%	66	69	71.15	2.2
1549	15	16	13	16	 	17	16	18	24	 	3	0	79.4%	83	56	70.76	2.2
8904	19	17	17	18	0	16	15	13	25	 	5	0	82.4%	61	63	70.34	2.2
4243	17	18	15	15	 	12	13	18	23	 	5	0	77.1%	67	65	70.22	2.2
5795	20	18	16	13	 	16	15	20	26	 	5	0	84.7%	73	54	70.08	2.1
0220	18	19	17	18	 	19	17	20	27	 	5	0	91.2%	68	50	70.07	2.1
3044	17	16	15	9	 	12	15	18	24	 	2	0	74.1%	72	65	70.05	2.1
6001	17	15	16	16	 	15	15	7	11	 	4	0	65.9%	86	66	69.95	2.1
6066	14	17	14	10	 	15	13	12	28	 	3	0	72.4%	67	69	69.94	2.1
2697	15	16	16	16	 	17	14	19	26	 	1	0	81.8%	76	55	69.91	2.1
5887	16	16	11	18	 	17	13	8	26	 	5	0	73.5%	75	63	69.61	2.1
0133	19	12	13	12	 	19	18	20	29	 	5	0	83.5%	72	54	69.41	2.1
5789	19	17	19	17	 	12	15	 	18	 	5	0	68.8%	78	65	69.13	2.1
8103	17	16	11	19	 	20	15	19	20	 	3	0	80.6%	70	57	69.04	2.1
1289	16	20	17	17	 	14	14	17	16	 	5	0	77.1%	59	66	69.02	2.1
2655	19	16	19	18	1	17	17	18	28	 	1	0	90.0%	45	60	69.00	2.1
4809	19	17	20	19	 	17	18	14	27	 	5	0	88.8%	80	43	68.73	2.0
0203	20	19	18	17	2	18	19	18	27	2	5	0	94.1%	61	43	67.05	1.9
2706	17	13	17	19	 	20	18	20	20	 	5	1	84.9%	68	47	66.36	1.8
6825	17	16	16	19	 	18	18	17	19	 	5	0	82.4%	71	48	66.34	1.8
3749	18	16	10	14	 	11	13	15	13	 	5	0	64.7%	58	72	66.28	1.8
9993	14	18	8	15	 	15	16	19	14	 	5	0	70.0%	71	60	66.20	1.8
6151	 	 	14	13	 	17	15	15	26	 	5	0	58.8%	83	65	66.13	1.8
3928	16	15	17	11	 	16	11	14	28	 	5	2	75.7%	75	51	65.67	1.8
2303	18	20	17	17	 	17	16	17	20	 	5	0	83.5%	62	49	65.41	1.8
1263	18	18	13	13	 	19	5	16	27	 	5	0	75.9%	71	52	65.35	1.8
0217	14	17	11	14	 	9	12	16	26	 	5	0	70.0%	67	58	64.60	1.7
0173	12	14	15	10	 	12	8	15	21	 	5	0	62.9%	71	63	64.58	1.7
3704	15	15	17	12	 	16	10	7	12	 	5	0	61.2%	75	62	64.27	1.7
4804	17	15	12	4	 	17	8	13	9	 	4	0	55.9%	61	74	64.15	1.7
6107	15	16	 	11	 	12	11	15	17	 	3	0	57.1%	72	67	64.02	1.6
1912	17	13	19	6	 	9	17	18	25	 	2	0	72.9%	70	51	63.58	1.6
2429	17	16	16	9	 	17	15	12	17	 	5	0	70.0%	63	57	63.40	1.6
1157	19	16	15	13	 	0	 	18	14	 	5	0	55.9%	82	61	63.15	1.6
5740	17	18	19	15	 	16	13	11	20	 	5	0	75.9%	73	45	62.95	1.6
2917	13	17	9	15	1	17	16	14	12	 	5	0	67.1%	74	53	62.82	1.6
2110	15	18	16	12	1	0	7	12	26	 	5	0	62.9%	48	70	62.78	1.5
2579	19	19	20	13	 	17	14	19	19	 	5	0	82.4%	66	41	62.54	1.5
3616	16	13	12	 	 	3	13	15	25	 	5	0	57.1%	63	67	62.22	1.5
9771	18	16	13	14	 	16	16	19	21	 	5	0	78.2%	44	55	62.09	1.5
2512	15	13	16	14	 	10	17	18	24	 	3	0	74.7%	72	44	61.88	1.5
5332	18	16	14	14	 	15	15	15	23	 	2	0	76.5%	62	46	61.39	1.4
1730	12	11	7	12	 	13	9	14	27	 	4	0	61.8%	86	48	61.11	1.4
7117	16	17	17	16	 	12	6	18	12	 	5	0	67.1%	73	49	61.02	1.4
3383	17	18	15	18	 	19	12	16	25	 	5	0	82.4%	62	39	60.94	1.4
3795	0	14	9	11	 	14	18	14	24	 	5	0	61.2%	65	58	60.67	1.4
0036	18	11	8	8	 	11	13	11	11	 	5	0	53.5%	77	59	60.41	1.4
9912	19	18	16	12	 	18	4	 	 	 	5	0	51.2%	76	61	60.07	1.3
6367	6	11	9	5	 	18	15	15	24	 	5	0	60.6%	77	51	60.04	1.3
2173	7	15	16	12	 	12	16	10	 	0	5	0	51.8%	75	60	59.71	1.3
4774	18	16	13	9	2	13	18	18	22	 	5	3	76.5%	56	44	59.39	1.3
5588	17	14	6	7	 	13	16	17	8	 	5	0	57.6%	67	55	58.46	1.2
1564	14	18	18	16	 	18	16	20	25	 	5	0	85.3%	41	39	57.92	1.1
0428	14	15	16	11	 	14	16	8	18	 	5	0	65.9%	71	43	57.75	1.1
3814	15	17	10	17	 	6	4	12	14	 	5	0	55.9%	63	56	57.35	1.1
4731	16	15	16	10	 	19	14	16	22	 	5	0	75.3%	54	41	57.32	1.1
2752	14	5	11	4	 	19	17	18	20	 	5	0	63.5%	39	60	57.21	1.1
6438	19	16	17	9	 	18	11	12	5	 	5	0	62.9%	57	50	56.58	1.0
1711	17	16	17	15	 	14	13	17	22	 	5	0	77.1%	66	31	56.42	1.0
5941	12	16	11	8	 	14	5	1	10	 	5	0	45.3%	80	55	56.12	1.0
1273	18	18	16	18	 	19	14	16	17	 	4	0	80.0%	68	26	56.00	1.0
1106	11	11	12	2	 	10	6	5	16	 	5	0	42.9%	62	64	55.18	0.9
9363	18	16	17	7	 	16	4	9	17	 	5	0	61.2%	56	48	54.87	0.9
6634	10	13	17	11	 	6	3	2	14	 	5	0	44.7%	66	59	54.68	0.9
7293	18	17	5	10	 	17	15	6	28	 	5	0	68.2%	50	43	54.49	0.9
3266	15	17	13	13	1	14	11	5	3	 	5	0	54.1%	51	54	53.45	0.8
2338	15	13	16	2	 	14	11	13	28	 	5	0	65.9%	61	36	52.95	0.7
7024	13	13	8	9	 	13	13	10	2	 	5	0	47.6%	69	47	51.66	0.0
9943	19	15	13	10	 	19	8	 	 	 	2	0	49.4%	74	42	51.36	0.0
3999	14	16	17	1	 	17	11	 	3	 	5	0	46.5%	56	53	50.99	0.0
5537	16	16	7	15	 	10	3	16	12	 	5	0	55.9%	27	58	50.95	0.0
5239	19	16	9	9	 	12	8	14	4	 	5	0	53.5%	49	48	50.41	0.0
0959	10	14	7	14	 	 	8	7	7	 	5	0	39.4%	73	48	49.56	0.0
8745	9	 	4	9	 	5	7	14	16	 	0	0	37.6%	70	50	49.06	0.0
8772	16	16	11	14	 	15	11	11	 	 	5	0	55.3%	45	44	48.72	0.0
7976	17	13	17	17	 	19	 	18	1	 	5	0	60.0%	53	30	46.60	0.0
1263	18	11	13	8	 	19	 	15	10	 	5	0	55.3%	48	37	46.52	0.0
0374	19	18	17	17	 	 	 	 	 	 	5	0	41.8%	82	33	46.31	0.0
5277	17	13	12	13	 	13	2	 	 	 	5	0	41.2%	65	40	45.47	0.0
2130	15	 	16	 	 	12	10	11	12	 	5	0	44.7%	56	38	44.28	0.0
2890	18	17	16	18	 	19	16	20	 	 	4	0	72.9%	74	 	43.98	I
0806	11	15	10	 	 	1	 	 	 	 	5	0	21.8%	56	59	43.51	0.0
1337	9	13	12	8	 	13	1	1	 	 	3	0	33.5%	55	47	43.21	0.0
3874	14	12	1	8	 	14	9	7	3	 	5	0	40.0%	46	42	42.00	0.0
7828	17	17	14	11	 	13	15	13	14	 	5	0	67.1%	72	 	41.22	0.0
2079	11	12	12	10	 	 	0	0	21	 	5	0	38.8%	60	30	39.53	0.0
2293	10	18	4	12	 	0	1	0	6	 	5	0	30.0%	39	41	36.20	0.0
4244	18	2	18	18	 	18	18	17	 	 	5	0	64.1%	42	 	34.05	0.0
2208	13	12	10	13	 	 	 	9	 	 	5	0	33.5%	45	29	34.01	0.0
1746	3	12	13	1	 	7	 	 	 	 	5	0	21.2%	59	31	32.67	0.0
1823	17	 	15	7	 	2	0	 	 	 	5	0	24.1%	59	23	30.65	0.0
7450	11	15	 	3	 	 	 	 	 	 	3	0	17.1%	59	28	29.82	0.0
2675	18	17	12	 	 	20	 	 	 	 	5	0	39.4%	59	 	27.56	0.0
2339	17	19	 	17	 	17	 	 	 	 	2	0	41.2%	54	 	27.27	0.0
0601	19	10	14	 	 	 	 	 	 	 	5	0	25.3%	65	 	23.12	0.0
1192	12	5	10	11	 	 	 	 	 	 	5	0	22.4%	70	 	22.94	0.0
2988	 	 	 	 	 	 	 	 	 	 	0	0	0.0%	67	10	17.40	0.0
2052	0	4	2	5	 	17	 	 	 	 	4	0	16.5%	28	 	12.19	0.0
9154	4	8	7	6	 	 	 	 	 	 	5	0	14.7%	26	 	11.08	0.0
2545	12	 	 	 	 	 	 	 	 	 	2	0	7.1%	23	 	7.42	0.0
2653	 	 	 	 	 	 	 	 	 	 	0	0	0.0%	 	 	0.00	0.0

mean	17.0	16.5	16.1	15.9	0.8	16.9	15.5	16.3	24.3	1.8	3.2	0.3	79.0%	80.3	71.4	75.32	2.6
median	18	17	17	17	1	18	16	17	26	2	4	0	85.1%	83	73	79.04	2.9