code	assign1	assign2	assign3	assign4	assign5	assign6	assign7	assign8a	assign8bc	assign9	Late_Days	section	explore	weekly %	midterm	final	total	grade	lab total	lab grade
173	10	16	19	16	16	12	17	2	6	16	2	20	0.00	85.23%	77	65	75.49	2.3	10	CR
786	7	15	16	11	17	16	15	2	4	15	1	20	0.00	78.41%	71	74	75.16	2.2
845	9	16	19	18	18	16	13	 	 	 	5	9	0.00	67.05%	72	 	41.22	0.0
853	10	 	19	16	18	15	17	2	4	14	3	20	0.33	76.89%	90	84	82.36	2.8	9	CR
1166	8	15	17	16	13	19	19	2	8	13	5	20	0.00	85.23%	78	92	86.49	3.2	9	CR
1297	10	15	19	19	19	18	19	2	7	20	3	20	0.00	95.45%	77	86	87.98	3.3
1631	10	15	19	15	15	14	14	2	7	12	2	20	0.00	81.25%	70	60	70.50	1.8
1931	9	15	18	14	18	14	16	2	6	11	4	20	0.00	81.25%	81	79	80.30	2.7
2065	9	14	18	14	15	17	17	2	 	15	3	20	0.00	80.11%	50	29	53.65	0.0
2128	7	15	8	15	14	12	 	2	7	16	5	20	0.00	65.91%	49	66	62.56	1.2	11	CR
2162	9	16	19	18	19	16	16	2	7	17	2	20	0.00	90.34%	89	93	91.14	3.5	1
2515	10	15	18	19	14	20	18	2	7	16	5	20	0.00	90.34%	77	75	81.54	2.8	8	CR
2523	8	15	18	17	14	20	16	 	7	13	5	20	0.00	84.09%	57	42	61.84	1.1
2670	5	1	 	 	 	 	 	 	 	 	 	6	0.00	6.82%	 	 	2.73	0.0
2953	10	16	19	19	17	16	18	2	6	19	 	20	0.00	92.05%	90	97	93.62	3.7	9	CR
3219	9	15	20	19	20	18	19	2	8	20	3	18	0.00	95.45%	100	100	98.18	4.0
3277	10	16	20	20	20	20	20	2	8	19	 	20	0.00	99.43%	99	101	99.97	4.0
3436	10	16	20	16	17	17	18	2	5	16	5	20	0.00	89.20%	61	58	71.08	1.9	6	NC
3472	10	16	19	19	19	20	20	2	7	19	 	20	0.00	97.16%	97	100	98.26	4.0
4021	10	16	19	15	20	18	18	2	8	17	 	20	0.00	92.61%	92	90	91.45	3.5
4052	9	15	19	17	20	19	16	2	7	18	5	20	1.00	92.61%	82	85	87.45	3.2
4082	9	16	19	19	18	17	18	2	7	16	1	20	0.00	91.48%	83	85	87.19	3.2
4112	9	14	20	17	18	18	14	2	8	20	5	20	1.00	91.48%	87	81	86.39	3.2
4587	9	15	20	19	19	19	17	2	6	19	2	20	0.00	93.75%	88	85	89.10	3.4	8	CR
4852	10	16	19	18	15	16	16	2	6	15	3	20	0.00	86.93%	83	85	85.37	3.1
4883	9	16	17	17	15	12	8	2	4	17	5	20	0.00	77.84%	78	62	71.54	1.9	10	CR
4887	10	16	20	18	18	18	17	2	7	16	5	20	0.00	92.05%	87	63	79.42	2.6
4954	9	16	15	16	16	14	14	2	4	14	4	20	0.00	79.55%	78	67	74.22	2.2	10	CR
4990	7	14	16	12	15	6	12	2	5	14	2	20	0.00	69.89%	72	71	70.75	1.9
5010	9	16	17	17	18	18	18	2	8	17	1	20	0.00	90.91%	91	86	88.96	3.4
5076	10	15	14	16	17	17	19	2	6	15	 	20	0.00	85.80%	85	82	84.12	3.0
5194	10	16	14	17	18	17	16	 	6	18	5	18	0.00	85.23%	66	32	60.09	1.0
5203	6	16	19	17	17	6	 	 	 	 	 	20	0.00	57.39%	60	 	34.95	0.0	7	NC
5231	10	15	18	17	19	19	20	2	8	18	 	20	0.00	94.32%	80	93	90.93	3.5	11	CR
5488	9	16	20	18	18	19	20	2	7	15	5	20	1.67	94.13%	90	86	90.05	3.5	2
5596	10	13	17	17	19	16	17	2	8	19	2	20	0.00	89.77%	70	86	84.31	3.0
6005	9	16	16	16	19	18	19	2	7	21	3	20	0.00	92.61%	83	88	88.85	3.4
6159	10	15	18	16	18	19	17	 	6	17	5	20	0.00	88.64%	89	94	90.85	3.5	1
6188	10	15	19	18	18	19	16	2	7	19	 	20	2.00	93.75%	94	97	95.10	3.9	11	CR
6512	9	13	18	19	17	17	15	 	7	14	5	18	0.00	83.52%	89	96	89.61	3.4
6645	8	9	17	18	15	14	18	2	7	10	5	20	0.00	78.41%	78	63	72.16	2.0	10	CR
6933	10	16	20	16	20	18	19	2	7	16	5	20	0.00	93.18%	85	76	84.67	3.0	9	CR
6972	8	15	13	15	16	12	14	2	7	14	2	20	0.00	77.27%	86	84	81.71	2.8
7053	8	16	18	18	14	17	17	2	8	17	 	20	0.00	88.07%	78	60	74.83	2.2	5	NC
7088	10	16	18	16	16	18	12	2	3	17	5	20	0.00	84.09%	90	85	85.64	3.1
7092	8	15	16	14	14	11	15	2	6	13	3	20	0.00	76.14%	93	88	84.25	3.0
7151	10	16	18	19	17	20	20	2	7	16	1	20	0.33	93.94%	79	88	88.58	3.3	10	CR
7255	6	15	13	16	14	15	16	2	6	15	4	20	0.00	78.41%	78	59	70.56	1.8	10	CR
7671	9	16	20	17	18	17	17	2	6	17	1	20	0.00	90.34%	90	80	86.14	3.1
7837	10	13	18	15	10	 	 	 	 	 	2	15	0.00	46.02%	52	 	28.81	0.0
7895	9	15	18	16	15	15	20	2	6	18	3	20	0.00	87.50%	84	73	81.00	2.7	1
7899	10	16	18	18	19	19	19	2	8	19	3	20	0.00	95.45%	88	87	90.58	3.5	11	CR
7957	10	15	20	18	20	19	20	2	8	19	5	20	0.00	97.16%	92	96	95.66	3.9
8021	10	16	19	17	19	15	16	2	6	15	2	20	0.00	88.07%	91	73	82.63	2.8	9	CR
8110	10	14	19	20	18	17	18	2	6	21	1	20	0.00	93.75%	94	93	93.50	3.7
8119	10	15	16	19	17	17	20	2	7	18	 	20	0.00	91.48%	96	99	95.39	3.9	10	CR
8152	9	16	19	17	17	15	17	2	6	17	5	18	0.00	86.93%	79	65	76.57	2.3	8	CR
8274	9	16	20	20	20	20	20	2	7	17	4	20	0.00	97.16%	93	100	97.46	4.0
8310	8	15	18	11	10	11	11	2	6	16	1	20	0.00	72.73%	77	49	64.09	1.3	10	CR
8685	10	14	14	10	12	12	15	2	5	10	5	20	0.00	70.45%	66	52	62.18	1.2
8857	10	15	17	 	17	3	6	 	 	14	3	20	0.00	57.95%	62	64	61.18	1.1	5	NC
8984	9	15	19	12	15	13	16	2	6	18	5	20	0.00	82.39%	77	79	79.95	2.6
9042	10	14	19	16	16	17	16	2	8	14	1	20	0.00	86.36%	84	80	83.35	2.9
9074	8	16	18	17	13	6	13	 	 	 	5	20	0.00	63.07%	48	37	49.63	0.0
9333	10	14	9	10	9	14	13	 	 	 	2	20	0.00	56.25%	79	85	72.30	2.0
9577	9	15	18	18	15	8	 	2	 	 	5	18	0.00	58.52%	91	53	62.81	1.2
9757	10	15	20	19	18	18	18	2	8	17	2	20	0.00	93.75%	88	80	87.10	3.2	10	CR
9816	10	16	16	17	18	14	17	2	5	18	2	20	0.00	86.93%	86	79	83.57	2.9
9824	10	11	9	 	1	 	 	 	 	 	5	12	0.00	24.43%	48	 	19.37	0.0
9916	8	15	14	15	13	16	17	2	7	15	5	20	0.00	80.68%	59	64	69.67	1.8
9973	9	16	20	19	17	20	19	2	8	16	4	20	0.00	94.32%	93	99	95.93	3.9	10	CR
10141	9	15	20	17	15	17	17	2	6	19	5	20	0.00	89.20%	93	71	82.68	2.8
10298	10	16	20	17	16	17	17	2	6	17	2	20	0.00	89.77%	77	91	87.71	3.3	8	CR
10325	10	15	20	18	19	17	17	2	7	15	5	20	1.00	91.48%	77	76	82.39	2.8	10	CR
10409	10	15	20	20	20	20	19	2	8	20	1	20	0.00	98.86%	92	92	94.75	3.8	1
10411	9	16	18	18	15	16	17	2	7	18	 	20	0.00	88.64%	92	80	85.85	3.1	9	CR
10414	9	14	15	19	17	18	20	2	7	20	1	20	0.00	91.48%	85	99	93.19	3.7
10476	10	16	20	18	18	17	16	2	6	13	 	20	1.00	89.20%	90	82	86.48	3.2	1
10873	9	16	19	18	18	17	10	2	4	13	5	15	0.00	80.11%	77	85	81.45	2.7
11182	10	11	16	18	4	16	14	2	6	16	1	20	0.00	75.57%	65	62	68.03	1.6
11249	8	10	11	6	4	0	 	 	 	 	5	20	0.00	33.52%	70	 	27.41	0.0	8	CR
11718	10	14	20	18	18	18	17	2	7	16	 	20	0.00	90.91%	89	85	88.16	3.3
11782	7	15	12	18	15	0	10	 	 	 	5	20	0.00	55.11%	77	27	48.25	0.0
12266	9	10	16	18	16	15	17	2	7	18	5	20	0.33	84.28%	72	71	76.51	2.3	10	CR
12268	9	16	17	15	18	16	15	2	7	14	5	20	0.00	84.66%	87	82	84.06	3.0	11	CR
12362	10	16	17	18	18	19	19	2	6	16	5	15	0.00	88.64%	89	85	87.25	3.2
12364	9	11	11	18	14	15	9	2	6	17	1	20	0.33	75.19%	86	77	78.08	2.5	9	CR
12427	10	15	17	16	15	18	14	2	 	18	3	20	0.00	82.39%	75	69	75.55	2.3	10	CR
12452	10	16	20	18	19	18	20	2	7	17	3	20	0.00	94.89%	95	70	84.95	3.0	10	CR
12467	9	16	19	17	18	16	15	2	5	13	1	20	0.33	85.42%	88	91	88.17	3.3
12507	8	10	13	14	10	13	 	2	5	9	5	18	0.00	57.95%	78	34	52.38	0.0	10	CR
13261	7	16	17	13	17	13	16	2	7	16	5	20	0.00	81.82%	73	76	77.73	2.4
13324	10	16	16	17	14	18	18	2	6	15	2	20	0.00	86.36%	90	78	83.75	2.9
13354	10	16	19	18	17	18	18	2	7	18	 	18	0.00	91.48%	93	98	94.39	3.8	10	CR
13612	8	14	18	16	14	10	15	2	4	12	3	20	0.00	75.57%	90	82	81.03	2.7
13716	5	15	16	14	14	5	16	2	5	10	4	20	0.00	69.32%	52	29	49.73	0.0
13719	10	16	19	16	17	14	13	2	7	14	5	20	0.00	84.09%	75	71	77.04	2.4	1
13767	8	16	20	17	18	19	19	2	8	18	4	20	0.00	93.75%	89	97	94.10	3.8
13786	10	15	18	7	7	17	6	2	4	11	4	20	0.33	66.67%	67	56	62.47	1.2
13814	10	15	14	16	18	17	18	2	7	19	4	20	0.00	88.64%	93	81	86.45	3.2	8	CR
13817	7	15	19	19	17	18	17	2	7	18	4	20	0.00	90.34%	86	85	87.34	3.2	10	CR
14250	10	16	19	16	16	16	16	2	6	16	 	20	0.00	86.93%	81	86	85.37	3.1
14280	9	15	15	15	16	10	13	2	6	16	5	20	0.00	77.84%	75	79	77.74	2.4	10	CR
14313	9	15	19	18	19	17	18	2	6	18	2	20	0.00	91.48%	80	67	79.39	2.6	9	CR
14350	9	15	14	17	17	18	18	2	6	13	1	20	0.00	84.66%	89	90	87.66	3.3
14407	7	16	13	15	 	6	17	 	4	 	2	20	0.00	55.68%	74	 	37.07	0.0	7	NC
14712	9	16	16	18	15	19	19	2	6	18	5	20	0.00	89.77%	82	81	84.71	3.0
14729	9	16	19	16	19	16	 	2	4	16	5	20	0.00	77.84%	84	79	79.54	2.6
15094	10	16	19	18	20	18	17	2	8	16	2	20	0.00	93.18%	85	89	89.87	3.4
15243	10	15	19	16	17	14	12	2	7	15	5	20	0.00	83.52%	79	54	70.81	1.9	11	CR
15250	8	16	20	17	18	 	 	 	 	 	5	12	0.00	51.70%	83	32	50.08	0.0	10	CR
15373	7	15	20	15	16	19	17	2	6	18	4	20	0.00	88.07%	96	73	83.63	2.9	8	CR
15862	8	16	19	16	16	19	20	2	8	20	4	20	0.33	93.37%	81	97	92.35	3.6
16100	9	16	19	17	19	17	20	2	6	18	2	20	1.00	93.18%	83	88	89.07	3.4
16204	7	14	17	16	15	16	13	2	6	17	4	18	0.00	80.11%	70	57	68.85	1.7	8	CR
16235	7	16	12	16	17	15	18	2	5	16	5	20	0.00	81.82%	79	79	80.13	2.6	10	CR
16264	8	14	19	18	16	 	 	 	 	 	 	15	0.00	51.14%	 	 	20.45	0.0	2	NC
16471	7	15	17	13	17	17	 	2	0	13	5	18	0.00	67.61%	47	20	44.45	0.0
16562	9	16	17	16	16	14	14	2	5	12	3	20	0.00	80.11%	83	86	83.05	2.9	10	CR
16569	10	15	17	10	18	13	16	2	6	16	4	20	0.00	81.25%	64	51	65.70	1.4	9	CR
16593	9	14	20	18	17	15	17	2	8	17	 	20	0.00	89.20%	93	96	92.68	3.6	1
16624	9	16	20	20	20	20	20	2	6	17	5	20	0.00	96.59%	91	81	89.24	3.4	1
16912	10	14	19	19	18	19	17	2	8	21	 	20	0.67	95.27%	89	100	95.91	3.9
16938	9	16	19	17	20	16	19	2	8	19	2	20	0.00	93.75%	96	93	93.90	3.8	1
16948	8	16	19	16	19	19	18	2	6	20	 	20	0.00	92.61%	89	80	86.85	3.2	9	CR
16988	10	15	19	19	18	20	16	2	8	19	5	20	0.00	94.32%	99	99	97.13	4.0
17016	10	16	20	19	18	17	17	 	6	19	3	20	0.00	92.05%	92	89	90.82	3.5	9	CR
17047	8	15	19	17	20	19	18	2	7	18	3	20	0.00	92.61%	94	95	93.85	3.8	8	CR
17095	10	16	20	17	19	18	19	2	8	19	1	20	0.00	95.45%	90	91	92.58	3.6	1
17260	10	16	20	20	19	20	19	2	8	19	1	20	0.00	98.30%	95	94	95.92	3.9	2
17400	9	16	19	18	20	20	20	2	8	21	1	20	0.00	98.30%	95	95	96.32	3.9
17463	10	16	20	17	18	19	18	2	7	17	4	20	0.00	93.18%	78	70	80.87	2.7	2	NC
17823	10	16	20	17	20	20	19	2	7	20	1	20	0.00	97.16%	86	77	86.86	3.2	9	CR
17839	10	15	18	19	19	18	20	2	8	17	2	20	0.00	94.32%	89	91	91.93	3.6	10	CR
17866	9	16	17	16	18	16	18	 	7	17	3	20	0.00	87.50%	74	95	87.80	3.3	9	CR
17969	10	16	18	18	18	11	16	 	 	12	5	20	0.00	78.98%	93	93	87.39	3.2	9	CR
17972	10	16	20	19	20	20	19	2	8	19	3	20	2.00	99.43%	93	87	93.17	3.7	11	CR
17997	10	15	19	20	19	19	18	2	7	18	1	20	0.67	95.27%	93	94	94.31	3.8
18003	9	14	17	15	16	18	18	 	8	16	3	20	0.00	85.80%	93	93	90.12	3.5	9	CR
18094	9	16	19	17	14	18	17	2	8	16	5	20	0.00	88.64%	93	77	84.85	3.0	10	CR
18126	10	16	20	16	18	17	15	 	4	16	5	15	0.00	83.52%	87	78	82.01	2.8
18714	9	15	18	17	16	17	0	2	6	12	5	20	0.00	75.00%	72	72	73.20	2.1
18937	10	15	13	20	20	20	19	 	7	19	2	20	0.00	92.61%	99	97	95.65	3.9
19020	9	15	19	17	18	20	18	2	7	18	3	20	0.00	92.61%	88	85	88.65	3.3	10	CR
19048	8	14	17	20	17	17	17	2	6	15	4	20	0.00	86.93%	69	63	73.77	2.1
19076	9	16	19	18	17	16	16	2	8	17	 	20	0.67	90.15%	92	85	88.46	3.3	11	CR
19185	9	15	19	18	17	20	20	2	7	19	 	20	0.00	94.32%	84	71	82.93	2.9	11	CR
19372	10	15	19	16	17	20	18	2	7	17	5	18	0.00	90.34%	96	95	93.34	3.7
19623	10	16	20	19	18	19	16	2	6	15	3	20	0.00	91.48%	78	67	78.99	2.5	1
19696	10	15	18	14	14	17	13	2	4	15	4	20	0.00	80.68%	45	25	51.27	0.0	9	CR
19764	10	16	20	18	19	19	20	2	8	16	1	20	0.00	95.45%	90	92	92.98	3.7	11	CR
19819	9	16	16	16	16	17	15	2	7	15	3	20	0.00	84.66%	70	63	73.06	2.1
19821	10	16	16	19	17	19	16	2	7	21	3	20	0.00	92.61%	101	94	94.85	3.8	10	CR
19880	9	16	18	19	20	18	19	2	8	17	2	20	0.00	94.32%	94	82	89.33	3.4
19918	10	16	17	18	17	17	16	2	7	18	1	20	0.00	89.77%	79	93	88.91	3.4	11	CR
19950	8	16	20	16	19	18	18	2	6	17	 	20	1.00	91.48%	86	81	86.19	3.1
19956	10	15	18	19	20	16	19	2	7	17	1	20	0.00	92.61%	97	93	93.65	3.7
20363	9	16	19	10	8	15	17	2	6	13	2	20	0.33	76.89%	72	66	71.56	1.9	10	CR
20458	7	15	18	15	16	12	17	2	7	13	4	20	0.00	80.68%	80	88	83.47	2.9
20503	10	15	19	17	19	17	16	 	5	14	3	20	0.00	86.36%	91	82	85.55	3.1
20754	10	16	17	16	20	18	15	2	4	19	5	20	0.00	89.20%	89	87	88.28	3.3
20778	9	15	17	17	14	17	16	2	7	17	3	20	0.00	85.80%	76	54	71.12	1.9
20848	10	15	20	19	18	18	19	2	8	18	5	20	0.00	94.89%	93	100	96.55	4.0	1
20849	10	16	20	17	17	17	20	2	7	20	1	20	0.00	94.32%	94	95	94.53	3.8	10	CR
20877	5	16	17	14	11	 	6	 	5	9	5	20	0.00	58.52%	75	72	67.21	1.6	4
20909	9	16	16	17	17	13	14	2	6	19	3	20	0.00	84.66%	79	92	86.46	3.2
21338	9	16	12	17	15	18	15	2	7	17	4	15	0.00	81.25%	67	71	74.30	2.2
21407	9	15	18	16	12	10	0	2	7	13	5	20	0.00	69.32%	45	40	52.73	0.0	1	NC
21549	10	15	14	14	17	17	14	2	5	14	3	20	0.00	80.68%	73	63	72.07	2.0
21623	7	14	11	15	10	6	6	2	3	13	4	20	0.00	60.80%	70	45	56.32	0.7
21679	9	15	18	17	18	18	18	2	7	17	 	20	0.00	90.34%	98	97	94.54	3.8
21711	10	16	19	18	19	20	20	2	8	18	1	20	2.00	97.73%	96	97	97.09	4.0	10	CR
21908	9	15	17	18	14	17	17	 	6	19	3	18	0.00	85.23%	78	92	86.49	3.2	8	CR
22347	9	15	14	13	16	18	19	2	7	18	2	20	1.67	86.74%	72	64	74.70	2.2	9	CR
22413	8	15	18	17	16	18	17	2	7	15	4	20	2.00	88.07%	92	92	90.43	3.5	9	CR
22673	10	16	19	17	19	20	17	 	4	18	1	20	0.00	90.91%	85	83	86.56	3.2	8	CR
22704	7	16	16	15	14	13	6	2	5	17	5	20	0.00	74.43%	48	35	53.37	0.0
22707	10	16	19	17	16	15	16	2	4	12	5	20	0.00	83.52%	88	93	88.21	3.3	9	CR
22733	9	16	20	16	17	15	16	2	6	17	5	20	0.00	87.50%	87	86	86.80	3.2
22738	9	15	19	18	19	19	19	2	7	16	1	20	0.00	92.61%	88	98	93.85	3.8
22833	7	16	20	19	17	16	18	2	8	21	 	20	0.00	93.18%	83	81	86.27	3.1
22887	10	16	20	19	19	20	18	2	7	20	4	20	0.33	97.35%	94	100	97.74	4.0
22932	10	16	16	17	18	14	15	2	 	 	5	20	0.00	72.73%	76	35	58.29	0.8	6	NC
23113	8	15	14	13	15	17	16	2	5	14	5	20	0.00	78.98%	52	68	69.19	1.7
23132	9	16	17	16	15	14	14	2	7	15	5	20	0.00	82.39%	73	60	71.55	1.9	9	CR
23282	10	15	19	19	17	19	17	2	7	20	2	20	0.67	94.13%	95	100	96.65	4.0	11	CR
23312	9	16	14	16	17	17	17	2	7	17	 	20	0.00	86.36%	85	85	85.55	3.1	10	CR
23373	8	16	18	19	20	20	16	2	8	18	3	20	0.00	93.75%	95	91	92.90	3.6	9	CR
23435	10	16	20	18	20	20	20	2	6	16	1	20	2.00	96.59%	94	93	94.64	3.8	11	CR
23604	10	16	20	17	20	20	19	2	8	19	4	20	0.00	97.16%	85	90	91.86	3.6	10	CR
23607	9	16	19	17	16	18	17	2	8	15	1	20	0.00	89.20%	97	86	89.48	3.4	10	CR
23639	10	16	18	17	15	18	18	2	 	 	1	15	0.00	73.30%	72	43	60.92	1.1
23727	9	15	20	19	18	18	17	2	8	16	5	20	0.00	92.05%	83	81	85.82	3.1
24016	10	16	20	19	20	18	20	2	8	20	1	20	0.00	98.30%	99	97	97.92	4.0	10	CR
24497	10	14	15	17	16	15	16	2	6	18	3	20	0.00	84.66%	86	82	83.86	2.9
24567	9	15	18	19	19	17	19	2	7	20	1	20	0.00	93.75%	96	91	93.10	3.7	9	CR
24718	9	15	19	16	17	16	17	2	6	18	4	20	0.00	88.07%	73	77	80.63	2.7	1
24789	 	 	 	 	 	 	 	 	 	 	 	20	0.00	11.36%	 	 	4.55	0.0
24808	9	15	19	16	20	20	18	2	5	19	2	20	0.00	92.61%	88	92	91.45	3.5	1
24812	9	15	19	18	20	19	17	2	6	19	5	20	0.00	93.18%	86	83	87.67	3.3	10	CR
24817	10	15	18	18	20	18	19	2	6	16	 	20	0.00	92.05%	92	87	90.02	3.5	1
24823	10	16	20	19	19	19	18	2	7	17	2	20	0.00	94.89%	81	90	90.15	3.5	11	CR
24850	9	15	14	17	15	15	17	2	6	17	1	20	0.00	83.52%	79	90	85.21	3.1
25165	 	13	17	 	 	 	 	 	 	 	2	3	0.00	18.75%	84	38	39.50	0.0
25230	9	14	19	14	15	16	18	2	7	12	5	20	0.00	82.95%	96	85	86.38	3.2
25648	8	15	20	18	13	17	18	2	5	17	5	20	0.00	86.93%	72	69	76.77	2.4
25653	10	16	20	20	19	19	20	2	8	16	4	20	0.00	96.59%	100	98	97.84	4.0
25708	10	15	18	13	16	16	18	2	6	16	 	20	0.00	85.23%	78	78	80.89	2.7	1
25780	10	16	19	17	19	19	15	2	7	16	3	20	0.00	90.91%	98	91	92.36	3.6	9	CR
25809	10	16	20	17	16	17	17	2	7	20	5	20	0.00	92.05%	83	83	86.62	3.2
25842	9	15	19	16	15	16	16	2	7	14	 	20	0.00	84.66%	88	61	75.86	2.3	10	CR
26029	9	15	19	17	16	18	18	2	6	17	5	20	0.00	89.20%	79	81	83.88	2.9	9	CR
26066	9	15	19	17	15	17	17	2	7	17	3	20	0.00	88.07%	77	67	77.43	2.4	8	CR
26217	10	15	15	14	15	17	16	2	2	16	5	20	0.00	80.68%	78	60	71.87	2.0
26256	7	13	19	17	15	17	17	2	6	19	2	20	0.00	86.36%	76	66	76.15	2.3
26357	9	14	17	18	17	17	16	2	7	17	 	20	0.00	87.50%	52	44	63.00	1.2
26393	9	10	15	15	16	12	15	2	6	13	2	20	0.00	75.57%	62	43	59.83	1.0	10	CR
26580	10	15	18	18	19	19	18	2	7	20	1	20	1.00	94.89%	95	97	95.75	3.9
26744	10	15	19	17	17	14	20	2	8	17	5	20	0.00	90.34%	66	53	70.54	1.8	6
26868	10	15	19	18	15	16	 	2	4	18	5	3	0.00	68.18%	87	62	69.47	1.8
27227	9	15	19	19	18	20	16	2	7	16	 	20	0.00	91.48%	72	65	76.99	2.4
27398	10	15	20	17	18	13	 	2	5	17	4	20	0.00	77.84%	72	51	65.94	1.5
27451	9	11	20	19	19	19	14	2	8	19	2	20	0.00	90.91%	95	100	95.36	3.9
27510	10	14	16	16	16	17	18	2	6	14	5	20	0.00	84.66%	83	83	83.66	2.9	1
27666	9	15	18	15	15	12	13	2	6	17	5	20	0.00	80.68%	70	63	71.47	1.9	11	CR
27889	10	16	20	20	19	20	18	2	7	16	5	20	0.00	95.45%	79	72	82.78	2.9	10	CR
27961	9	15	19	16	15	16	18	2	6	13	 	20	0.00	84.66%	90	89	87.46	3.2	8	CR
28209	10	9	14	12	 	 	 	 	 	 	4	12	0.00	32.39%	56	 	24.15	0.0
28236	9	15	19	19	17	16	17	2	7	14	5	20	1.00	88.64%	85	77	83.25	2.9	2	NC
28278	10	15	14	11	18	17	18	2	6	18	3	20	0.00	84.66%	82	90	86.26	3.1
28348	7	10	13	15	15	14	12	 	 	16	 	20	0.00	69.32%	79	30	55.53	0.0	9	CR
28423	10	15	19	18	7	6	 	 	 	 	3	20	0.00	53.98%	51	8	34.99	0.0
29017	10	15	19	14	11	15	14	2	6	15	5	20	0.00	80.11%	81	69	75.85	2.3
29169	10	16	18	16	17	15	20	2	6	18	4	20	0.33	89.96%	86	90	89.18	3.4	9	CR
29172	8	15	20	19	19	18	17	2	7	17	 	20	0.00	92.05%	85	94	91.42	3.5
29349	7	15	16	18	13	18	19	2	1	18	3	20	0.00	83.52%	75	33	61.61	1.1	11	CR
29595	10	16	19	17	17	15	19	2	4	18	1	20	0.00	89.20%	90	88	88.88	3.4
29682	9	15	16	17	18	16	14	2	7	13	5	20	0.00	83.52%	88	86	85.41	3.1	8	CR
29809	8	15	17	18	17	14	13	2	6	9	3	20	0.00	78.98%	91	63	74.99	2.2	9	CR
29870	8	15	19	15	18	18	15	2	7	18	3	20	0.00	88.07%	59	47	65.83	1.5	9	CR
30062	9	 	 	 	 	 	 	 	 	 	 	6	0.00	8.52%	 	 	3.41	0.0
30099	10	16	20	18	17	15	17	2	5	14	1	20	0.00	87.50%	81	81	83.60	2.9	11	CR
30131	8	15	14	18	18	18	18	2	7	15	 	20	0.00	86.93%	86	65	77.97	2.5
30837	10	15	20	17	20	19	19	2	7	18	3	20	0.00	94.89%	94	90	92.75	3.6
30896	10	16	19	19	19	19	18	2	8	18	4	20	0.00	95.45%	88	74	85.38	3.1
30898	10	14	18	18	17	16	14	 	4	19	5	20	0.00	85.23%	88	67	78.49	2.5
30901	9	16	17	17	17	13	19	2	6	16	5	20	0.00	86.36%	91	82	85.55	3.1
31099	9	16	18	17	20	20	20	2	8	17	 	20	0.00	94.89%	97	94	94.95	3.8
31436	10	15	19	19	19	18	20	2	8	18	 	20	0.00	95.45%	89	86	90.38	3.5
31761	8	15	19	16	12	16	13	 	 	18	5	20	0.00	77.84%	58	47	61.54	1.1	10	CR
31788	8	16	15	15	12	17	13	2	4	17	5	20	0.00	78.98%	86	73	77.99	2.5	10	CR
32042	9	16	20	20	20	19	18	2	7	19	5	20	0.00	96.59%	85	92	92.44	3.6	10	CR
32069	9	15	20	15	6	 	10	2	3	8	5	0	0.00	50.00%	62	70	60.40	1.0
32077	10	15	19	17	18	20	19	2	8	15	5	20	0.00	92.61%	80	80	85.05	3.0
32079	10	16	17	17	18	15	18	2	7	19	2	20	0.00	90.34%	89	80	85.94	3.1
32079	9	15	19	17	20	18	17	2	7	21	 	20	0.00	93.75%	85	94	92.10	3.6
32107	9	16	19	16	16	15	18	 	4	18	1	20	0.00	85.80%	75	86	83.72	2.9
32177	9	16	16	16	15	16	19	2	3	12	 	20	0.00	81.82%	55	35	57.73	0.8	9	CR
32200	10	16	19	17	20	18	19	2	6	21	 	20	0.33	95.64%	95	100	97.26	4.0	1
32233	9	15	16	19	13	18	17	2	7	16	1	20	0.00	86.36%	77	57	72.75	2.0	11	CR
32399	10	16	19	20	19	17	19	2	7	15	5	20	0.00	93.18%	99	92	93.87	3.8
32850	10	16	16	17	19	14	19	2	7	13	5	20	0.00	86.93%	84	70	79.57	2.6
32946	10	15	16	16	17	15	17	2	7	19	4	20	0.00	87.50%	79	61	75.20	2.2	10	CR
32979	9	14	12	13	9	15	15	2	6	14	4	20	0.00	73.30%	57	41	57.12	0.7	1
33077	10	15	20	18	20	14	14	2	6	10	5	20	0.00	84.66%	87	75	81.26	2.7
33131	10	16	19	15	12	14	15	2	8	14	5	20	0.00	82.39%	85	70	77.95	2.5
33231	10	15	20	18	20	20	17	2	7	16	2	20	0.00	93.75%	78	85	87.10	3.2	11	CR
33361	9	15	19	18	15	19	16	2	7	17	4	20	0.67	89.58%	99	93	92.83	3.6	9	CR
33413	10	16	20	20	18	19	20	2	6	18	3	20	0.00	96.02%	98	94	95.61	3.9
33843	9	15	19	16	13	17	18	 	6	14	4	20	0.00	83.52%	78	86	83.41	2.9
33912	10	15	19	18	20	20	18	2	8	19	2	20	0.00	96.02%	94	94	94.81	3.8
33971	7	15	19	14	15	15	15	2	5	16	5	20	0.00	81.25%	78	76	78.50	2.5	8	CR
34126	9	15	17	19	19	17	16	2	6	17	1	18	0.00	88.07%	86	84	86.03	3.1
34128	10	16	18	14	20	11	17	2	5	17	4	20	0.00	85.23%	64	48	66.09	1.5
34870	10	16	19	17	20	19	18	2	7	16	 	20	0.00	93.18%	93	89	91.47	3.5	3
35117	10	16	20	17	16	17	17	2	8	17	2	20	0.00	90.91%	76	58	74.76	2.2	10	CR
35162	10	16	19	15	18	20	19	2	7	18	1	20	0.00	93.18%	88	93	92.07	3.6
36008	10	16	12	15	18	15	16	2	7	18	3	20	0.00	84.66%	92	56	74.66	2.2
36020	10	16	18	16	13	19	20	2	6	17	4	20	0.00	89.20%	73	59	73.88	2.1	10	CR
36088	9	15	19	17	17	19	14	2	5	18	 	20	0.00	88.07%	82	93	88.83	3.4	9	CR
36466	10	16	20	15	19	20	19	2	7	18	3	20	0.00	94.32%	92	83	89.33	3.4
36568	8	15	18	15	17	10	13	 	 	 	5	15	0.00	63.07%	45	17	41.03	0.0
38714	9	15	19	19	18	20	17	2	8	18	 	18	1.00	93.18%	100	94	94.87	3.8
38775	10	15	20	18	17	15	17	2	6	18	 	20	0.33	89.96%	84	61	77.18	2.4
38936	9	15	20	17	19	17	15	2	5	19	 	20	0.67	90.15%	93	90	90.66	3.5
38939	9	15	18	18	16	19	16	2	7	15	5	20	0.00	88.07%	54	33	59.23	0.9	8	CR
39005	10	16	20	18	17	18	19	2	7	19	3	20	0.00	94.32%	83	71	82.73	2.9	11	CR
39260	10	16	20	18	19	20	20	2	8	19	 	20	0.00	97.73%	86	93	93.49	3.7	1
39304	7	15	19	18	19	15	18	2	7	17	2	20	0.00	89.20%	86	93	90.08	3.5	10	CR
39544	10	16	20	18	18	18	16	2	6	15	1	20	0.00	90.34%	86	95	91.34	3.5
39557	9	15	20	18	19	19	20	2	8	18	3	20	2.00	96.59%	101	99	98.44	4.0	11	CR
39659	10	15	19	16	16	5	12	2	7	18	3	20	0.00	79.55%	92	85	84.22	3.0
39732	7	10	19	18	20	13	15	2	6	15	5	18	0.00	81.25%	48	40	58.10	0.8	8	CR
39737	10	15	17	16	18	17	18	2	7	17	 	20	0.00	89.20%	94	86	88.88	3.4
39831	9	16	20	18	19	18	19	2	7	18	1	20	0.00	94.32%	93	100	96.33	3.9	11	CR
39898	10	15	18	12	16	3	0	2	7	13	3	20	0.00	65.91%	62	42	55.56	0.0	10	CR
40172	10	15	19	17	18	19	20	2	7	18	 	20	0.00	93.75%	91	98	94.90	3.8
40461	10	15	20	20	19	18	17	2	8	15	1	15	0.00	90.34%	99	90	91.94	3.6
40622	9	16	20	19	20	18	20	2	7	20	3	20	0.00	97.16%	97	93	95.46	3.9	1
40663	8	16	12	10	 	 	 	 	 	 	5	9	0.00	31.25%	58	 	24.10	0.0	3	NC
40822	9	15	19	16	15	14	14	 	5	13	4	3	0.00	69.89%	56	50	59.15	0.9
40890	10	16	17	17	15	17	17	2	7	16	5	20	0.00	87.50%	90	79	84.60	3.0	9	CR
41262	10	15	18	16	15	20	17	2	5	15	5	20	0.00	86.93%	80	78	81.97	2.8
41330	9	14	20	18	17	19	17	2	6	18	 	20	0.00	90.91%	97	88	90.96	3.5
41332	9	 	18	3	 	 	 	2	3	14	5	20	0.00	39.20%	62	69	55.68	0.0
41964	10	15	19	17	18	16	19	 	6	12	5	20	1.33	87.12%	79	67	77.45	2.4
42007	9	15	19	13	16	18	16	2	7	15	 	20	0.00	85.23%	88	72	80.49	2.7
42288	10	16	20	16	19	16	19	2	8	18	3	20	0.00	93.18%	89	87	89.87	3.4	9	CR
42353	10	16	20	18	20	17	18	2	7	19	2	20	0.00	94.89%	90	80	87.95	3.3
42386	10	16	19	18	17	19	19	 	7	21	3	20	0.00	94.32%	101	98	97.13	4.0
42415	8	15	19	17	12	15	15	2	7	17	4	20	0.00	83.52%	97	93	90.01	3.5	10	CR
42967	8	15	19	20	19	18	17	2	7	14	1	20	2.00	91.48%	79	85	86.39	3.2	11	CR
42996	9	14	20	19	19	18	16	2	8	18	 	20	0.00	92.61%	97	99	96.05	3.9	10	CR
43029	10	16	20	20	19	20	19	2	8	17	1	20	0.00	97.16%	94	100	97.66	4.0	10	CR
43071	9	13	20	18	17	19	18	 	6	19	3	20	0.00	90.34%	97	97	94.34	3.8	8	CR
43088	8	16	15	16	16	20	18	2	6	18	2	20	0.67	88.45%	83	75	81.98	2.8	9	CR
43127	10	15	20	18	18	18	17	2	7	18	1	20	1.33	93.37%	98	92	93.75	3.7	9	CR
43288	9	16	17	17	16	9	16	2	7	16	 	20	0.00	82.39%	78	62	73.35	2.1
43316	10	14	20	18	17	18	18	2	5	17	3	20	0.00	90.34%	87	88	88.74	3.3
43564	8	15	14	16	18	 	9	2	 	11	5	20	0.00	64.20%	81	56	64.28	1.3
43896	7	16	17	17	16	16	16	2	5	16	2	20	0.00	84.09%	76	90	84.84	3.0	9	CR
43962	10	16	20	16	15	17	14	2	8	17	 	20	0.00	88.07%	66	81	80.83	2.7	9	CR
43998	10	16	19	17	15	16	17	2	8	16	3	20	0.00	88.64%	77	89	86.45	3.2
44080	7	11	13	15	10	8	10	2	3	16	5	20	0.00	65.34%	80	81	74.54	2.2
44240	9	15	20	18	20	16	18	2	7	18	5	20	0.00	92.61%	88	95	92.65	3.6	9	CR
44320	10	15	20	16	17	20	19	2	6	16	1	20	0.00	91.48%	81	87	87.59	3.3
44685	7	14	15	16	18	18	17	2	7	16	 	20	0.00	85.23%	96	90	89.29	3.4
44823	7	15	19	19	19	12	17	2	7	19	3	20	2.00	89.77%	95	97	93.71	3.7	9	CR
44853	10	16	20	17	17	18	20	2	8	18	 	20	0.00	94.32%	82	93	91.33	3.5
44953	9	15	18	18	17	16	19	2	7	17	2	20	0.33	89.96%	89	88	88.98	3.4	11	CR
44979	10	15	16	18	19	17	16	2	7	16	2	20	0.33	88.83%	100	91	91.93	3.6	8	CR
45075	9	14	19	12	14	15	17	2	7	16	3	18	0.00	81.25%	86	73	78.90	2.5
45187	9	15	20	17	19	19	19	2	7	11	5	15	0.00	86.93%	86	95	89.97	3.4
45201	9	16	16	18	16	16	16	 	5	15	 	20	0.00	83.52%	61	73	74.81	2.2
45418	9	14	19	18	20	19	19	2	7	21	3	20	0.00	95.45%	95	97	95.98	3.9
45453	9	15	19	17	17	14	19	2	8	18	2	20	0.00	89.77%	96	97	93.91	3.8
45726	10	15	19	18	13	19	14	2	6	11	5	20	0.00	83.52%	69	54	68.81	1.7
45851	9	15	18	13	16	15	12	2	6	16	4	20	0.00	80.68%	82	49	68.27	1.7
45910	10	15	19	19	19	19	19	2	7	17	4	20	0.00	94.32%	87	83	88.33	3.3	9	CR
46007	8	11	16	16	15	14	14	 	 	 	5	18	0.00	63.64%	79	26	51.65	0.0	6	NC
46105	10	15	17	17	16	16	18	2	6	17	 	20	0.00	87.50%	78	91	87.00	3.2
46137	9	15	18	14	18	19	19	2	8	18	2	20	0.00	90.91%	87	81	86.16	3.1	10	CR
46198	10	16	19	17	17	19	18	2	6	16	 	20	0.00	90.91%	88	99	93.56	3.7	1
46226	10	16	17	18	19	19	18	 	8	21	2	20	0.00	94.32%	92	76	86.53	3.2
46285	9	15	20	16	17	19	17	2	6	15	1	20	0.00	88.64%	95	96	92.85	3.6	10	CR
46716	9	15	19	17	20	20	15	2	6	16	1	20	0.00	90.34%	75	80	83.14	2.9	10	CR
46745	9	16	20	19	20	19	17	2	7	19	 	20	0.00	95.45%	98	91	94.18	3.8	9	CR
46844	8	15	19	16	19	18	19	2	6	19	5	20	0.00	91.48%	89	84	87.99	3.3	10	CR
46902	9	15	17	17	15	16	19	2	8	17	5	20	0.00	88.07%	90	86	87.63	3.3	10	CR
46974	8	15	15	13	11	13	11	2	 	16	1	18	0.00	69.32%	64	68	67.73	1.6
47094	10	16	20	 	18	13	14	2	5	16	5	20	0.00	76.14%	68	48	63.25	1.2	1
47097	9	16	19	16	17	17	16	2	6	16	4	20	0.00	87.50%	83	80	83.60	2.9	8	CR
47124	10	15	14	15	 	6	8	2	5	12	5	20	0.00	60.80%	64	50	57.12	0.7
47159	10	16	20	17	20	20	19	2	8	20	2	20	0.00	97.73%	97	95	96.49	4.0
47159	9	15	19	16	 	15	20	2	7	19	5	18	0.00	79.55%	75	83	80.02	2.6	8	CR
47160	10	16	16	16	18	18	17	2	5	14	5	20	0.00	86.36%	88	76	82.55	2.8
47187	10	16	20	18	18	18	19	2	6	17	5	20	0.00	93.18%	93	82	88.67	3.3
47247	10	15	16	18	18	20	18	2	7	17	3	20	0.00	91.48%	88	85	88.19	3.3
47252	9	16	19	17	19	19	20	2	8	19	 	20	0.00	95.45%	91	91	92.78	3.6	11	CR
47647	9	16	17	16	14	16	15	2	6	16	1	20	2.00	84.66%	85	96	89.26	3.4	11	CR
47707	7	9	18	16	14	13	15	 	3	16	5	20	0.00	74.43%	85	70	74.77	2.2	6	NC
47736	10	16	19	20	20	20	20	2	8	19	2	20	0.00	98.86%	92	99	97.55	4.0	11	CR
47737	10	15	17	17	17	19	15	2	6	19	3	20	0.00	89.20%	96	92	91.68	3.5
47799	8	14	18	16	15	14	13	2	6	12	3	20	0.00	78.41%	80	60	71.36	1.9	9	CR
47935	10	12	20	16	17	8	6	2	0	0	5	20	0.33	63.26%	62	29	49.30	0.0
47982	9	16	13	17	17	12	17	2	6	21	2	20	0.00	85.23%	91	95	90.29	3.5
48053	9	15	8	17	14	8	5	2	1	9	4	18	0.00	60.23%	70	37	52.89	0.0	9	CR
48087	10	16	20	18	17	19	18	2	7	20	 	20	0.00	94.89%	94	98	95.95	3.9
48273	10	16	19	20	20	20	20	2	8	21	 	20	0.00	100.00%	98	100	99.60	4.0	11	CR
48606	8	14	19	19	17	17	18	2	6	18	1	20	1.33	90.53%	97	94	93.21	3.7	11	CR
48642	9	16	18	14	15	13	12	2	4	16	5	15	0.00	76.14%	75	80	77.45	2.4	9	CR
48702	9	13	13	15	14	7	12	2	5	15	 	20	0.00	71.02%	81	59	68.21	1.7	1
48755	10	16	20	19	17	19	18	2	6	16	4	20	0.33	92.80%	99	98	96.12	3.9	7
48794	10	15	19	16	20	20	19	2	6	16	 	20	1.00	93.18%	97	90	92.67	3.6	9	CR
48849	9	15	18	17	18	17	18	2	7	15	0	20	0.00	88.64%	99	91	91.65	3.5
48850	9	16	19	17	20	17	19	2	8	21	2	20	0.00	95.45%	96	101	97.78	4.0	10	CR
49008	9	15	19	17	12	13	15	2	7	14	2	20	0.00	81.25%	64	38	60.50	1.0
49077	9	12	16	11	18	14	18	2	6	14	4	18	0.00	78.41%	43	27	50.76	0.0	10	CR
49630	9	16	17	13	16	15	12	 	5	18	4	20	0.00	80.11%	75	65	73.05	2.1	1
49724	9	14	19	15	12	8	11	 	 	5	3	20	0.00	64.20%	75	41	57.08	0.7	8	CR
49727	7	13	16	16	16	15	15	2	6	12	2	20	1.33	79.17%	91	86	84.27	3.0	8	CR
49746	10	16	20	17	18	17	17	2	7	17	 	20	0.00	91.48%	72	84	84.59	3.0
49813	9	15	11	19	17	16	18	2	6	18	4	20	1.00	86.36%	74	86	83.75	2.9
49859	10	16	20	19	16	17	20	2	7	15	5	20	0.00	92.05%	90	86	89.22	3.4
49934	10	13	18	15	14	8	 	 	 	 	1	3	0.00	46.02%	47	12	32.61	0.0
49966	10	15	14	15	19	17	16	2	7	16	5	20	0.00	85.80%	85	83	84.52	3.0
49977	9	15	15	 	 	 	 	 	 	 	3	12	0.00	28.98%	 	 	11.59	0.0
50129	10	16	18	18	17	18	19	2	8	16	3	20	0.00	92.05%	95	97	94.62	3.8
50316	10	15	19	16	15	17	16	2	6	18	2	20	1.00	88.07%	88	88	88.03	3.3	10	CR
50419	8	15	19	15	17	 	 	 	 	 	4	12	0.00	48.86%	66	 	32.75	0.0
50479	10	9	11	17	14	19	16	2	7	17	5	20	0.00	80.68%	69	61	70.47	1.8	1
50569	8	14	18	14	14	16	17	2	6	15	3	20	0.00	81.82%	64	68	72.73	2.0
50577	9	15	12	15	16	15	16	2	5	17	5	20	0.00	80.68%	87	81	82.07	2.8
50645	9	16	20	15	15	16	17	2	8	18	4	20	0.00	88.64%	88	90	89.05	3.4	10	CR
50733	10	16	20	19	17	19	17	2	8	17	4	20	0.00	93.75%	73	48	71.30	1.9	9	CR
50897	10	16	20	16	19	19	19	2	7	15	1	20	0.33	92.80%	87	87	89.32	3.4	12	CR
50904	10	16	19	17	19	18	18	2	8	18	3	20	0.00	93.75%	96	95	94.70	3.8	9	CR
50940	10	16	20	17	16	18	14	2	5	17	3	20	0.00	88.07%	75	72	79.03	2.5	10	CR
51061	10	15	20	18	17	18	14	2	5	14	5	20	0.00	86.93%	76	81	82.37	2.8	10	CR
51064	10	15	19	17	20	15	18	2	8	18	4	20	0.00	92.05%	93	93	92.62	3.6
51148	10	16	20	18	18	19	18	2	8	18	 	20	0.00	94.89%	85	97	93.75	3.7
51273	10	14	18	17	17	17	 	2	6	15	 	20	0.00	77.27%	82	79	78.91	2.5	9	CR
51351	8	14	19	15	15	11	14	 	1	15	5	20	0.00	75.00%	78	54	67.20	1.6	8	CR
51442	10	16	20	17	19	20	20	2	7	17	1	20	1.67	96.40%	92	98	96.16	3.9	9	CR
51642	9	11	17	14	9	7	12	2	3	9	1	20	0.00	64.20%	85	50	62.68	1.2
51691	10	13	18	16	 	2	0	 	 	11	5	20	0.00	51.14%	82	60	60.85	1.0	5	NC
51698	9	15	19	14	13	16	16	2	7	18	5	20	0.00	84.66%	84	72	79.46	2.6	9	CR
52075	9	16	18	16	17	15	16	2	7	17	2	20	0.00	86.93%	89	87	87.37	3.2	1
52313	8	16	19	19	16	19	19	2	7	18	2	20	0.00	92.61%	87	85	88.45	3.3	8	CR
52398	9	14	11	15	12	16	17	2	5	16	2	20	0.00	77.84%	66	61	68.74	1.7
52528	10	15	17	17	17	17	11	2	8	19	5	9	0.00	80.68%	75	87	82.07	2.8
52617	10	16	20	18	18	19	20	2	7	17	1	20	0.00	94.89%	87	82	88.15	3.3
52791	10	16	20	17	19	18	18	2	5	20	5	20	0.00	93.75%	62	52	70.70	1.9	11	CR
52816	9	16	20	18	16	18	15	2	7	19	5	20	0.00	90.91%	93	90	90.96	3.5	10	CR
53041	5	13	18	14	16	13	13	2	6	12	5	20	0.33	75.19%	75	48	64.28	1.3
53075	7	14	10	14	14	 	 	 	 	 	2	3	0.00	35.23%	50	 	24.09	0.0	4	NC
53161	6	14	16	16	17	17	18	2	6	17	2	20	0.00	84.66%	82	83	83.46	2.9
53165	10	16	19	19	18	17	19	2	7	16	2	20	0.67	92.99%	84	91	90.40	3.5	10	CR
53192	5	13	16	17	15	13	16	2	8	17	 	20	0.00	80.68%	100	99	91.87	3.6	11	CR
53329	9	15	19	19	19	17	18	2	6	12	2	20	0.00	88.64%	100	95	93.45	3.7
53566	9	13	18	17	13	13	12	 	 	 	5	0	0.00	53.98%	57	 	32.99	0.0
53719	9	15	19	 	10	 	 	 	 	 	4	3	0.00	31.82%	71	 	26.93	0.0	5	NC
53904	10	15	19	17	15	16	18	2	5	14	5	18	0.00	84.66%	62	53	67.46	1.6	1
53908	10	16	19	14	14	17	19	2	6	16	 	20	0.33	87.12%	93	97	92.25	3.6
53998	9	14	18	18	17	16	17	2	7	18	 	20	0.00	88.64%	91	95	91.65	3.5
54035	9	15	18	16	16	16	15	2	6	17	4	20	0.00	85.23%	78	77	80.49	2.7
54088	10	14	13	18	14	 	 	 	 	 	3	9	0.00	44.32%	74	 	32.53	0.0
54127	10	13	18	16	17	17	17	2	7	18	2	20	0.00	88.07%	95	94	91.83	3.6	10	CR
54158	8	15	14	16	17	18	17	2	6	18	2	20	0.00	85.80%	75	81	81.72	2.8	11	CR
54160	7	15	18	16	11	17	17	2	6	9	3	20	0.33	78.60%	91	71	78.04	2.5	9	CR
54511	10	16	20	17	16	15	15	2	7	 	5	12	0.33	74.05%	79	36	59.82	1.0	9	CR
54822	10	14	20	18	20	20	18	2	7	17	4	20	0.00	94.32%	91	77	86.73	3.2
54988	9	16	15	18	15	17	17	2	6	18	 	20	0.00	86.93%	83	86	85.77	3.1	10	CR
54992	7	16	12	17	13	12	15	2	6	9	 	20	0.00	73.30%	56	26	50.92	0.0	9	CR
55050	7	16	17	18	 	14	15	2	4	16	 	20	0.00	73.30%	98	99	88.52	3.3	11	CR
55085	10	15	19	18	15	16	17	2	8	18	 	20	0.67	90.15%	98	95	93.66	3.7
55148	9	16	19	19	18	17	18	2	6	18	5	20	0.00	92.05%	79	84	86.22	3.1
55350	7	16	16	16	19	19	16	2	8	19	5	20	0.00	89.77%	79	74	81.31	2.7
55410	9	16	17	15	18	17	13	2	6	15	2	20	0.33	84.28%	77	74	78.71	2.5	10	CR
55471	9	14	15	16	12	14	17	2	7	16	5	20	0.00	80.68%	62	55	66.67	1.5
55671	10	15	19	18	16	18	17	 	6	15	1	20	0.00	87.50%	73	71	78.00	2.5
55826	8	14	18	19	16	18	19	2	7	13	3	18	0.00	86.36%	83	86	85.55	3.1	3	NC
55829	9	16	18	17	18	19	16	2	7	19	5	20	0.00	91.48%	89	97	93.19	3.7	5	NC
56441	10	16	20	17	20	19	18	2	8	18	1	20	2.00	96.59%	98	99	97.84	4.0	8	CR
56463	10	16	19	20	18	19	17	2	8	18	2	20	1.67	95.83%	91	92	93.33	3.7	11	CR
56469	10	16	19	17	19	19	16	2	7	16	1	20	0.00	91.48%	93	94	92.79	3.6	11	CR
56562	10	15	17	18	18	19	20	2	7	15	5	20	0.00	91.48%	88	91	90.59	3.5	9	CR
56594	8	12	20	19	19	19	18	2	6	17	 	20	1.33	91.67%	93	91	91.67	3.5
56624	10	15	19	19	19	17	18	2	6	19	3	20	0.00	93.18%	78	74	82.47	2.8
56697	9	15	20	18	20	20	20	2	8	17	1	20	2.00	97.16%	89	94	94.26	3.8	10	CR
56794	9	16	19	14	13	15	17	2	7	16	5	20	0.00	84.09%	75	68	75.84	2.3	1
56948	10	15	19	18	20	18	19	2	8	17	 	20	1.33	95.08%	95	98	96.23	3.9	10	CR
57064	10	16	20	19	18	19	16	2	 	 	5	20	0.00	79.55%	65	40	60.82	1.0	9	CR
57128	10	16	19	17	17	18	17	 	6	19	1	18	0.00	89.20%	83	96	90.68	3.5	8	CR
57147	9	16	18	15	19	18	20	2	8	18	 	20	0.00	92.61%	83	87	88.45	3.3
57299	10	15	17	14	16	12	17	2	8	15	1	20	0.00	82.95%	91	85	85.38	3.1	10	CR
57302	9	15	18	17	15	17	17	2	7	16	2	20	0.00	86.93%	78	88	85.57	3.1
57326	9	16	20	18	19	17	20	2	8	19	1	20	0.00	95.45%	98	97	96.58	4.0
57644	9	16	19	17	17	18	16	2	6	15	 	20	0.00	88.07%	93	97	92.63	3.6	9	CR
57649	9	16	13	14	8	15	9	2	 	4	5	20	0.00	62.50%	83	42	58.40	0.8
57936	9	15	20	16	17	17	17	2	6	12	5	20	0.33	85.98%	84	79	82.79	2.9
57962	10	16	19	18	17	15	18	2	5	15	2	18	0.00	86.93%	72	64	74.77	2.2	10	CR
58060	8	13	14	16	9	9	10	2	5	14	2	20	0.33	68.37%	69	69	68.75	1.7	11	CR
58063	9	16	14	16	17	17	16	2	6	17	 	20	0.00	85.23%	72	60	72.49	2.0
58151	9	15	16	15	11	8	 	 	2	16	5	20	0.00	63.64%	62	53	59.05	0.9	8	CR
58192	10	16	19	18	18	16	17	2	7	18	1	20	0.00	91.48%	94	94	92.99	3.7	10	CR
58211	8	15	15	17	13	9	 	 	 	 	 	20	0.00	55.11%	54	 	32.85	0.0
58230	8	15	20	17	18	20	20	2	7	17	 	20	0.00	93.18%	86	82	87.27	3.2
58395	9	15	20	16	20	19	18	2	8	18	 	20	0.67	94.13%	95	97	95.45	3.9
58513	8	15	18	18	16	16	18	2	7	17	 	20	0.67	88.45%	72	82	82.58	2.8
58519	9	15	19	15	16	18	18	2	6	18	2	20	0.00	88.64%	92	80	85.85	3.1
58607	9	15	12	18	14	15	19	2	6	19	3	20	0.00	84.66%	76	67	75.86	2.3	9	CR
59115	9	 	17	17	17	12	17	2	7	12	4	20	0.33	74.05%	89	81	79.82	2.6	9	CR
59264	9	16	12	 	12	13	8	2	4	8	5	20	0.00	59.09%	73	72	67.04	1.6
59417	9	15	13	16	10	13	14	2	2	10	5	20	0.33	70.64%	68	61	66.26	1.5	9	CR
59563	8	15	19	18	19	17	15	2	7	16	2	20	0.00	88.64%	75	87	85.25	3.1
59602	10	16	20	20	20	19	19	2	7	20	4	20	1.67	99.24%	89	93	94.70	3.8	8	CR
59724	9	14	14	15	14	16	17	2	7	16	5	20	0.00	81.82%	81	84	82.53	2.8
59822	10	16	 	 	 	 	 	 	 	 	 	6	0.00	18.18%	70	 	21.27	0.0
59982	10	16	16	18	18	18	18	2	7	16	 	20	0.00	90.34%	92	98	93.74	3.7
60686	10	16	20	19	20	16	19	2	7	17	1	20	0.00	94.32%	99	100	97.53	4.0	11	CR
60729	10	15	19	20	19	19	19	2	8	21	2	20	0.00	97.73%	92	81	89.89	3.4
60878	10	15	20	18	16	14	14	 	4	2	5	20	0.00	75.57%	66	47	62.23	1.2	10	CR
60883	10	16	20	19	18	19	18	2	7	12	5	20	0.00	91.48%	75	68	78.79	2.5
60941	9	15	20	18	18	19	19	2	5	16	4	20	0.00	91.48%	89	67	81.19	2.7
61872	10	15	11	16	15	11	10	2	3	16	3	20	0.67	73.67%	85	66	72.87	2.0
62344	10	15	15	18	15	16	16	2	6	19	1	20	0.00	86.36%	86	82	84.55	3.0
62378	10	16	20	19	20	19	20	2	7	21	 	20	2.00	100.00%	91	96	96.60	4.0
62414	9	15	19	19	17	17	20	2	7	17	5	20	1.00	92.61%	92	76	85.85	3.1	10	CR
62420	6	16	20	19	19	18	16	2	5	13	3	20	0.00	87.50%	80	42	67.80	1.6
62421	8	16	17	19	19	19	18	2	7	21	3	20	0.00	94.32%	94	84	90.13	3.5	10	CR
62448	10	15	19	20	20	17	19	2	8	20	1	20	0.00	96.59%	99	95	96.44	4.0
62456	10	15	17	15	16	16	16	2	6	17	5	20	0.00	85.23%	91	83	85.49	3.1
62616	7	15	13	6	8	7	3	2	4	10	3	20	0.33	54.17%	84	76	68.87	1.7
62648	10	15	18	17	19	20	17	2	8	18	5	20	0.00	93.18%	91	83	88.67	3.3
62828	8	14	17	18	16	16	16	2	6	15	2	20	0.00	84.09%	69	82	80.24	2.6
62836	10	15	20	18	18	19	18	 	6	18	2	20	0.00	92.05%	76	80	84.02	3.0
63119	10	15	18	17	15	18	17	2	6	16	3	20	0.00	87.50%	81	82	84.00	3.0	9	CR
63125	8	14	13	16	12	17	17	2	6	16	3	20	0.00	80.11%	87	85	83.45	2.9
63245	8	14	18	20	18	19	17	2	6	13	3	15	0.00	85.23%	72	62	73.29	2.1
63313	9	15	18	19	13	18	19	2	8	19	3	20	0.00	90.91%	96	97	94.36	3.8
63411	10	15	20	19	19	19	20	2	8	20	1	20	0.00	97.73%	93	97	96.49	4.0
63524	10	16	18	15	18	 	 	 	 	 	5	15	0.00	52.27%	42	 	29.31	0.0
63563	10	16	20	19	19	19	19	2	7	20	 	20	0.00	97.16%	99	94	96.26	3.9
63702	9	15	18	12	15	18	 	 	5	14	3	18	0.00	70.45%	90	77	76.98	2.4	8	CR
63792	10	15	20	17	18	19	20	2	7	16	5	20	0.00	93.18%	91	86	89.87	3.4	10	CR
63883	10	16	12	14	11	19	14	2	3	13	3	20	0.00	76.14%	78	65	72.05	2.0
63949	9	16	20	17	16	19	19	2	7	18	0	20	0.00	92.61%	83	86	88.05	3.3	11	CR
63960	8	15	18	14	10	13	13	2	6	15	5	20	0.00	76.14%	90	71	76.85	2.4	9	CR
64019	7	15	18	16	18	14	14	2	6	16	3	20	0.00	82.95%	88	72	79.58	2.6
64114	8	15	19	18	17	20	18	2	8	18	3	20	0.00	92.61%	77	66	78.85	2.5	11	CR
64144	9	13	18	17	14	14	17	2	6	14	1	20	0.00	81.82%	85	93	86.93	3.2
64210	9	16	18	15	19	16	19	2	6	18	 	20	0.00	89.77%	90	74	83.51	2.9
64238	8	15	17	16	11	8	11	2	5	17	3	20	0.00	73.86%	86	67	73.55	2.1
64275	10	16	20	16	16	19	18	2	7	14	5	20	0.00	89.77%	83	93	89.71	3.4	10	CR
64300	9	16	20	19	17	17	0	2	6	16	5	20	0.00	80.68%	73	62	71.67	1.9
64434	9	15	 	18	15	17	 	2	 	13	5	18	0.00	60.80%	58	53	57.12	0.7
64596	10	16	18	17	18	16	19	2	6	18	 	20	0.00	90.91%	90	89	89.96	3.4	11	CR
64659	10	15	20	18	19	18	18	2	7	17	2	20	0.00	93.18%	87	84	88.27	3.3	8	CR
64660	9	15	19	16	19	17	19	2	7	20	2	20	0.00	92.61%	87	84	88.05	3.3
64687	9	15	16	17	18	17	19	2	7	19	1	20	0.00	90.34%	94	96	93.34	3.7	11	CR
65009	9	16	12	18	17	12	14	2	8	14	5	20	0.00	80.68%	63	67	71.67	1.9
65421	10	14	16	15	15	14	11	2	3	11	5	18	0.00	73.30%	73	43	61.12	1.1	1
65687	6	13	13	9	12	8	12	2	 	 	5	20	0.00	53.98%	76	55	58.79	0.9
65780	10	16	18	18	19	16	16	2	7	16	2	20	0.00	89.77%	84	79	84.31	3.0	8	CR
66522	9	15	20	19	20	20	20	2	8	19	 	20	0.00	97.73%	99	99	98.49	4.0	9	CR
66583	8	15	17	17	19	20	16	 	7	13	1	20	0.00	86.36%	84	93	88.55	3.3	9	CR
66992	10	16	20	16	17	17	18	2	6	16	1	20	0.00	89.77%	82	81	84.71	3.0	1
67206	8	16	20	18	 	18	 	 	 	 	5	6	0.00	48.86%	39	26	37.75	0.0
67277	10	16	18	13	19	16	17	2	8	19	4	20	0.00	89.77%	86	79	84.71	3.0
68056	10	14	17	17	15	15	17	2	5	15	3	20	0.00	83.52%	76	70	76.61	2.3
68080	10	16	17	19	20	19	19	2	7	19	1	20	0.00	95.45%	99	99	97.58	4.0	10	CR
68173	9	15	18	19	18	19	 	 	 	 	5	12	0.00	62.50%	64	 	37.80	0.0
68366	8	16	19	16	15	19	15	2	6	15	 	20	0.00	85.80%	69	54	69.72	1.8
68408	9	15	17	17	16	16	20	2	7	19	2	20	2.00	90.91%	84	76	83.56	2.9	10	CR
68431	10	15	20	13	18	19	5	2	5	16	4	20	0.00	81.25%	84	75	79.30	2.6
68499	8	16	17	18	18	19	20	2	7	16	 	20	0.33	91.67%	93	86	89.67	3.4
68627	9	15	20	17	19	20	19	2	7	18	1	20	0.67	94.70%	89	88	90.88	3.5	10	CR
68976	10	14	18	18	17	18	18	2	7	17	1	20	0.00	90.34%	99	93	93.14	3.7	9	CR
69095	9	16	19	15	18	18	18	2	6	17	2	20	0.00	89.77%	69	71	78.11	2.5
69791	9	16	20	17	19	19	19	2	6	17	4	20	0.00	93.18%	78	83	86.07	3.1
69846	9	16	16	15	17	18	16	 	6	17	3	20	0.00	85.23%	77	89	85.09	3.0
70069	9	15	19	18	18	18	17	2	7	17	4	20	0.00	90.91%	91	83	87.76	3.3	1
70101	10	16	20	17	18	19	16	2	6	21	2	20	0.33	93.94%	95	87	91.38	3.5	1
70423	9	16	20	17	16	17	20	2	7	14	5	20	0.00	89.77%	76	53	72.31	2.0
70460	9	16	16	17	15	17	15	2	6	12	 	20	0.00	82.39%	57	49	63.95	1.3
70581	10	15	19	18	20	20	13	2	7	17	 	20	0.00	91.48%	85	83	86.79	3.2
70810	5	14	18	16	15	17	17	2	6	9	5	20	0.00	78.98%	85	63	73.79	2.1
71037	9	13	19	16	14	13	4	 	0	4	5	20	0.00	63.64%	76	73	69.85	1.8
71383	10	15	19	18	 	 	 	 	 	 	4	20	0.00	46.59%	67	 	32.04	0.0	8	CR
71476	10	15	14	17	16	15	16	2	5	18	4	20	0.33	84.28%	85	80	82.71	2.8	9	CR
71563	9	11	19	16	18	18	8	2	7	15	5	20	0.00	81.25%	61	48	63.90	1.3	8	CR
71860	10	16	19	17	18	19	16	 	3	15	5	20	0.00	86.93%	86	89	87.57	3.3
71921	10	16	19	19	19	19	20	2	8	18	4	20	2.00	97.73%	91	95	95.29	3.9	11	CR
71949	7	15	19	18	19	17	18	2	7	18	2	20	1.00	91.48%	90	95	92.59	3.6
71960	8	15	18	6	16	 	3	 	 	 	5	18	0.00	47.73%	68	27	43.49	0.0	9	CR
72207	10	16	19	19	15	19	19	2	6	17	5	6	0.00	84.09%	94	89	88.04	3.3	1
72434	9	15	19	18	18	19	20	2	8	20	1	20	2.00	96.59%	92	98	96.24	3.9	10	CR
72527	10	16	18	16	16	17	18	2	6	16	2	20	0.00	88.07%	90	88	88.43	3.3	1
72554	10	16	19	16	19	18	18	2	5	20	5	20	0.00	92.61%	97	95	94.45	3.8	8	CR
72785	10	16	20	19	19	19	18	2	8	19	3	20	0.00	96.59%	88	92	93.04	3.7	1
72979	9	15	18	13	18	0	0	 	 	12	5	18	0.00	58.52%	88	39	56.61	0.7
72985	10	16	19	20	17	17	18	2	8	18	2	20	0.00	93.75%	77	89	88.50	3.3	10	CR
73026	10	15	17	16	15	4	14	2	6	12	4	20	0.00	74.43%	68	48	62.57	1.2	10	CR
73048	10	14	16	15	10	14	13	2	6	15	 	20	0.00	76.70%	87	85	82.08	2.8
73137	10	16	20	18	17	18	18	2	6	16	1	20	0.00	91.48%	92	77	85.79	3.1
73167	10	16	17	19	18	19	19	2	6	19	2	20	0.00	93.75%	92	92	92.70	3.6
73306	9	16	20	18	19	18	20	2	6	16	 	20	1.00	93.75%	89	97	94.10	3.8	11	CR
73454	9	16	19	19	19	20	20	2	8	18	 	20	0.00	96.59%	94	95	95.44	3.9
73487	10	16	20	17	16	17	19	2	6	14	2	20	0.00	89.20%	76	84	84.48	3.0	9	CR
73522	8	16	19	19	19	18	16	2	8	17	 	20	0.00	92.05%	88	90	90.42	3.5
73530	10	15	19	18	14	17	15	2	5	16	5	18	0.00	84.66%	74	72	77.46	2.4
73579	10	 	16	18	 	 	 	 	 	 	1	18	0.33	35.42%	86	29	42.97	0.0	7	NC
73647	10	16	20	19	19	18	18	2	7	15	5	15	0.00	90.34%	93	85	88.74	3.3	1
73777	9	16	17	15	18	12	13	2	5	17	4	20	0.00	81.82%	86	73	79.13	2.6	10	CR
73843	10	16	20	18	19	19	18	2	7	16	5	20	0.00	93.75%	84	93	91.50	3.5	9	CR
74154	10	16	19	15	13	12	13	2	7	4	5	18	0.00	73.30%	74	63	69.32	1.7
74156	9	14	19	15	16	18	16	2	5	20	3	20	0.00	87.50%	84	91	88.20	3.3
74284	10	16	20	18	14	16	16	2	8	16	5	20	0.00	88.64%	82	75	81.85	2.8
74321	10	15	20	17	13	10	17	2	6	15	4	20	0.00	82.39%	70	62	71.75	1.9	1
74322	8	15	19	14	16	19	17	2	7	14	5	20	1.00	86.36%	66	53	68.95	1.7
74360	9	15	19	14	17	20	17	2	5	16	 	20	0.00	87.50%	91	79	84.80	3.0
74439	10	15	19	15	16	17	18	2	6	17	3	20	0.00	88.07%	70	83	82.43	2.8	10	CR
74736	8	10	19	14	17	17	17	2	7	18	4	20	0.00	84.66%	61	42	62.86	1.2	8	CR
74740	10	15	17	17	12	11	15	2	6	15	3	20	0.00	79.55%	72	76	76.62	2.3	1
74931	9	15	19	16	18	17	17	2	7	19	 	20	0.00	90.34%	90	92	90.94	3.5
75061	9	16	20	19	18	18	17	2	8	18	2	20	0.00	93.75%	78	93	90.30	3.5	9	CR
75117	9	16	20	17	17	12	15	 	4	 	5	20	0.00	73.86%	78	79	76.75	2.4
75251	10	16	19	18	19	18	18	2	6	20	2	20	0.00	94.32%	80	99	93.33	3.7	8	CR
75411	10	15	19	19	20	19	18	2	7	17	1	20	0.00	94.32%	92	98	95.33	3.9	10	CR
75442	9	15	17	16	8	 	 	 	 	 	4	0	0.00	36.93%	57	22	34.97	0.0
76123	8	16	19	16	19	15	16	2	7	15	2	20	0.00	86.93%	100	85	88.77	3.3
76180	8	15	12	15	15	9	7	2	4	8	5	20	0.00	65.34%	68	53	60.94	1.1
76188	9	16	18	19	17	16	19	 	7	17	 	20	0.00	89.77%	85	77	83.71	2.9
76281	9	16	19	15	15	16	7	2	7	14	5	20	0.00	79.55%	70	86	80.22	2.6
76398	10	16	20	18	20	17	19	2	8	18	2	20	0.00	95.45%	93	79	88.38	3.3
76660	10	16	14	19	19	16	18	2	7	16	1	20	0.00	89.20%	86	80	84.88	3.0	9	CR
76856	10	15	19	16	18	17	20	2	8	18	5	20	0.00	92.61%	80	70	81.05	2.7
76889	10	16	20	17	19	19	18	2	7	17	1	20	0.00	93.75%	82	59	77.50	2.4	9	CR
76889	7	16	13	16	16	18	17	2	6	17	 	20	0.00	84.09%	82	76	80.44	2.7
76979	6	10	10	11	12	 	 	 	 	 	3	6	0.00	31.25%	69	30	38.30	0.0	8	CR
77271	7	16	19	16	19	16	18	2	7	15	5	20	0.00	88.07%	91	96	91.83	3.6
77440	10	14	20	16	19	18	18	2	6	19	5	20	0.00	92.05%	59	96	87.02	3.2	9	CR
77498	9	16	20	18	18	18	17	2	7	16	2	20	0.00	91.48%	95	88	90.79	3.5	9	CR
77588	9	16	17	15	13	12	8	2	7	17	5	20	0.00	77.27%	66	45	62.11	1.2	1
77646	9	14	19	15	13	0	13	2	4	12	5	20	0.00	68.75%	77	59	66.50	1.5
77738	8	14	19	17	20	18	19	2	7	21	3	20	0.00	93.75%	91	98	94.90	3.8	10	CR
77867	9	15	12	15	13	18	15	2	7	16	 	20	0.00	80.68%	64	58	68.27	1.7
77869	10	15	15	10	14	18	13	2	6	16	 	20	0.00	78.98%	82	66	74.39	2.2
78457	7	15	15	16	17	16	14	2	6	15	2	20	0.00	81.25%	79	84	81.90	2.8
78465	8	15	12	15	13	14	15	2	6	10	5	15	0.00	71.02%	81	84	78.21	2.5
78550	9	15	20	18	16	12	 	 	 	 	4	20	1.33	63.26%	89	63	68.30	1.7	8	CR
78767	8	16	14	15	17	19	19	2	6	16	 	20	0.00	86.36%	73	96	87.55	3.2	10	CR
78794	9	14	18	16	14	16	15	2	5	9	1	20	0.00	78.41%	80	67	74.16	2.1	1
79065	10	15	19	19	17	18	16	2	7	16	5	20	1.00	90.91%	83	90	88.96	3.4	10	CR
79072	9	16	20	19	19	20	19	2	7	19	 	20	0.00	96.59%	100	98	97.84	4.0	1
79098	9	15	19	15	16	12	16	2	8	17	5	20	0.00	84.66%	70	48	67.06	1.6
79187	8	15	17	17	13	16	15	2	6	16	4	20	0.00	82.39%	65	67	72.75	2.0	1
79195	10	16	17	17	17	18	17	2	8	21	1	20	0.00	92.61%	94	97	94.65	3.8
79571	10	16	18	19	18	15	18	2	7	19	4	20	0.00	92.05%	97	96	94.62	3.8
79661	10	15	19	16	15	18	17	2	8	16	1	20	0.00	88.64%	77	81	83.25	2.9	9	CR
79667	9	14	15	17	13	19	18	2	3	14	5	20	0.00	81.82%	81	67	75.73	2.3	1
79916	10	16	20	13	19	19	18	2	6	16	2	20	0.00	90.34%	95	90	91.14	3.5
79968	9	16	20	18	16	19	20	2	8	19	 	20	0.00	94.89%	88	85	89.55	3.4
79969	10	15	19	17	19	18	19	2	8	16	2	20	0.00	92.61%	86	92	91.05	3.5	9	CR
79971	10	16	20	18	19	20	19	2	6	19	2	20	0.00	96.02%	96	91	94.01	3.8
79975	 	 	 	 	 	 	 	 	 	 	 	9	0.00	5.11%	16	15	11.25	0.0
79997	10	16	19	19	17	20	20	2	8	18	3	20	0.00	96.02%	92	93	94.01	3.8	10	CR
80057	8	9	11	5	13	7	9	2	3	12	4	20	0.00	56.25%	85	73	68.70	1.7
80060	8	15	19	18	17	17	20	2	7	16	 	20	0.00	90.34%	91	94	91.94	3.6
80094	10	15	12	14	16	11	13	2	6	13	0	20	0.00	75.00%	84	65	72.80	2.0
80117	10	16	20	19	19	18	19	2	8	19	4	20	0.00	96.59%	100	92	95.44	3.9
80250	8	16	18	16	17	17	17	2	7	18	5	20	1.67	89.58%	72	70	78.23	2.5
80552	8	15	19	15	16	17	17	2	6	15	5	18	0.00	84.09%	79	80	81.44	2.7
80587	10	16	20	19	18	20	19	2	6	19	1	20	1.67	96.97%	95	83	90.99	3.5
80646	10	15	18	16	16	 	 	 	 	 	2	12	0.00	49.43%	69	 	33.57	0.0
80679	8	16	20	18	17	15	13	2	7	17	5	20	0.00	86.93%	72	52	69.97	1.8
80680	9	16	18	17	16	16	17	2	6	16	3	20	0.00	86.93%	79	70	78.57	2.5	9	CR
81034	9	15	19	17	18	15	16	2	5	18	 	20	0.00	87.50%	66	78	79.40	2.6	11	CR
81251	8	14	14	17	16	12	10	 	 	11	5	6	0.00	61.36%	75	82	72.35	2.0
81324	5	 	 	 	 	 	 	2	 	 	 	18	0.00	14.20%	37	9	16.68	0.0
81387	9	16	16	17	17	15	16	2	6	14	3	20	0.00	84.09%	83	66	76.64	2.3
81398	10	14	19	16	13	14	15	2	8	15	4	20	0.00	82.95%	73	41	64.18	1.3	9	CR
81466	8	16	19	18	19	20	19	2	7	18	4	20	0.00	94.32%	79	82	86.33	3.1	9	CR
81548	10	16	20	19	17	17	17	2	6	14	4	20	0.00	89.77%	71	58	73.31	2.1	8	CR
81613	10	14	17	15	15	 	 	2	 	 	 	15	0.00	50.00%	82	49	56.00	0.7
81642	9	14	14	15	10	9	12	2	6	17	 	20	0.00	72.73%	78	64	70.29	1.8
81902	10	16	19	18	16	20	14	2	5	15	5	20	0.00	88.07%	83	81	84.23	3.0	9	CR
81932	10	15	17	16	18	13	19	2	7	15	 	20	0.00	86.36%	99	85	88.35	3.3	10	CR
82056	8	14	12	14	12	13	14	 	7	17	4	20	0.00	74.43%	85	65	72.77	2.0
82227	10	16	17	19	17	18	18	2	6	19	3	20	0.00	92.05%	88	80	86.42	3.2	10	CR
82419	8	15	19	14	14	16	15	2	6	14	5	20	0.00	81.25%	67	38	61.10	1.1
82443	10	15	17	15	16	11	12	2	7	11	5	20	0.00	77.27%	85	77	78.71	2.5
82506	8	15	20	19	18	10	13	2	5	14	5	20	0.00	81.82%	88	84	83.93	2.9
82798	10	16	16	15	13	0	 	 	 	 	5	20	0.67	51.52%	61	33	46.01	0.0	8	CR
82889	8	15	15	18	12	15	17	2	3	10	2	20	0.00	76.70%	75	88	80.88	2.7	8	CR
82920	8	15	18	16	15	19	19	2	6	16	3	20	0.00	87.50%	90	81	85.40	3.1	8	CR
82955	9	16	18	19	20	20	19	2	8	20	2	20	0.00	97.16%	90	100	96.86	4.0	11	CR
83088	9	16	15	17	19	19	19	2	8	18	1	20	0.00	92.05%	89	91	91.02	3.5	10	CR
83091	9	15	19	16	16	13	17	2	7	17	 	20	0.00	85.80%	87	95	89.72	3.4
83150	10	16	11	16	18	18	15	2	6	16	 	20	0.00	84.09%	86	81	83.24	2.9
83246	9	15	20	17	19	16	16	2	7	14	 	20	0.00	88.07%	79	 	51.03	0.0
83338	9	16	15	20	17	19	20	2	6	18	2	20	0.00	92.05%	84	91	90.02	3.5
83623	9	16	20	16	19	17	19	 	7	18	5	18	0.00	90.34%	70	45	68.14	1.6	9	CR
83725	8	14	18	19	16	18	17	2	7	16	3	20	0.00	88.07%	84	88	87.23	3.2	1
83729	10	16	19	18	19	18	19	2	8	19	2	20	0.33	95.64%	83	88	90.06	3.5	10	CR
83851	8	15	18	19	19	19	20	2	7	17	2	20	0.00	93.18%	87	80	86.67	3.2
84399	8	14	12	13	14	15	16	 	4	10	4	20	0.00	71.59%	75	67	70.44	1.8
84458	10	16	20	17	18	20	16	2	7	17	2	20	0.33	92.80%	82	64	79.12	2.6
84661	9	16	19	19	17	17	18	2	7	20	1	20	1.33	93.94%	86	73	83.98	3.0	11	CR
84662	9	9	6	18	17	12	18	2	5	9	4	20	0.33	71.21%	76	73	72.88	2.0
84691	7	14	18	12	13	15	19	2	6	13	 	20	0.00	78.98%	79	75	77.39	2.4
84749	9	15	11	15	12	12	16	2	4	13	1	20	0.00	73.30%	87	85	80.72	2.7	5	NC
84750	7	14	17	13	14	15	17	2	5	12	5	20	0.00	77.27%	73	62	70.31	1.8
84778	10	15	19	13	8	 	 	 	 	 	5	12	0.00	43.75%	58	 	29.10	0.0
84872	10	16	15	18	17	17	17	2	7	19	4	20	1.67	90.72%	75	61	75.69	2.3	10	CR
84877	7	14	17	17	14	14	17	 	3	 	5	20	0.00	69.89%	86	33	58.35	0.8
85308	10	16	20	20	20	19	19	2	8	21	 	20	0.00	99.43%	96	101	99.37	4.0	10	CR
85327	8	15	15	15	13	 	13	2	6	13	4	20	0.00	68.18%	80	75	73.27	2.1	8	CR
85335	10	16	19	16	17	18	16	2	6	18	2	20	0.00	89.77%	88	76	83.91	2.9	11	CR
85365	10	16	20	20	17	18	16	2	8	15	1	20	0.00	92.05%	89	81	87.02	3.2	11	CR
85481	9	16	18	19	20	18	19	2	7	17	5	20	0.00	93.75%	74	91	88.70	3.3
85488	10	16	20	17	16	14	15	2	0	8	5	20	0.00	78.41%	77	66	73.16	2.1	10	CR
85515	10	15	14	15	17	17	15	 	 	 	5	20	0.00	69.89%	78	60	67.55	1.6	10	CR
85678	8	15	14	17	16	14	14	2	6	9	5	20	0.00	76.70%	78	55	68.28	1.7	5	NC
85775	8	15	16	17	17	17	19	2	5	16	1	20	0.00	86.36%	81	65	76.75	2.4	10	CR
85802	7	14	13	14	11	17	16	2	6	16	 	20	0.00	77.27%	69	75	74.71	2.2	10	CR
85811	9	16	20	18	20	19	19	2	8	19	2	20	2.00	97.73%	91	99	96.89	4.0	9	CR
86289	8	14	13	13	15	15	16	 	 	 	4	12	0.00	60.23%	77	 	39.49	0.0
86290	10	16	14	18	16	16	14	2	5	18	2	20	0.00	84.66%	90	77	82.66	2.8
86295	9	15	17	16	13	15	16	2	7	18	5	20	1.00	84.66%	69	58	70.86	1.9	4
86332	5	14	18	14	15	15	14	2	5	18	3	20	0.33	79.73%	70	46	64.29	1.3
86450	8	16	16	19	19	19	17	2	7	17	4	20	0.00	90.91%	88	78	85.16	3.1	9	CR
86476	7	15	16	17	16	13	17	2	7	17	1	20	0.00	83.52%	87	99	90.41	3.5	9	CR
86577	7	16	17	19	17	16	17	2	8	17	 	20	0.00	88.64%	90	99	93.05	3.7	1
86615	8	15	18	17	17	16	19	2	5	14	5	20	0.00	85.80%	77	51	70.12	1.8
86833	10	16	20	18	19	19	19	2	7	14	1	20	0.00	93.18%	99	94	94.67	3.8	8	CR
86857	10	16	18	18	18	15	16	 	6	17	5	20	0.00	87.50%	93	85	87.60	3.3
86936	9	14	19	 	16	14	16	2	 	15	3	0	0.00	59.66%	81	73	69.26	1.7
86954	9	15	19	17	16	17	16	2	7	15	4	20	0.00	86.93%	76	58	73.17	2.1	9	CR
86970	9	15	19	17	17	12	16	 	5	19	2	20	0.00	84.66%	85	97	89.66	3.4
86985	10	15	19	17	19	17	16	2	7	16	4	20	0.00	89.77%	82	60	76.31	2.3	9	CR
87116	10	16	20	18	19	17	17	2	7	18	5	20	0.00	93.18%	76	92	89.27	3.4
87117	9	16	18	17	 	16	18	2	6	16	2	20	0.00	78.41%	90	94	86.96	3.2
87148	8	10	17	15	14	13	 	2	5	17	5	20	0.00	68.75%	61	44	57.30	0.8	1
87221	10	16	19	18	17	19	18	2	5	19	5	20	1.00	93.18%	90	86	89.67	3.4	8	CR
87236	10	15	20	19	19	19	17	2	7	17	2	20	0.00	93.75%	79	96	91.70	3.5	11	CR
87238	10	16	16	18	19	20	20	2	7	16	3	20	0.00	93.18%	86	78	85.67	3.1
87306	10	16	20	16	19	20	20	2	8	20	1	20	0.00	97.16%	81	83	88.26	3.3
87694	9	16	20	18	20	20	19	2	6	18	3	20	0.00	95.45%	87	94	93.18	3.7
88076	9	16	19	16	15	13	13	2	6	19	 	20	0.00	84.09%	71	66	74.24	2.2
88180	7	16	14	16	18	18	18	2	7	16	1	20	0.00	86.36%	87	84	85.55	3.1	8	CR
88182	9	14	12	17	17	 	 	 	 	 	3	15	0.00	47.73%	62	 	31.49	0.0	9	CR
88218	7	14	16	13	8	 	 	 	 	 	 	20	0.00	44.32%	21	 	21.93	0.0
88259	10	16	20	19	20	19	18	2	8	19	1	20	0.00	97.16%	98	93	95.66	3.9
88297	9	16	20	17	20	18	18	2	7	20	 	20	2.00	96.02%	100	92	95.21	3.9	10	CR
88303	9	15	18	18	19	16	17	2	6	17	4	20	1.67	90.15%	87	98	92.66	3.6	10	CR
88324	8	13	19	12	16	12	13	2	4	8	1	15	0.00	69.32%	80	75	73.73	2.1
88335	10	15	15	16	14	13	18	2	6	15	5	20	0.00	81.82%	94	66	77.93	2.5	8	CR
88338	8	16	19	15	17	 	 	 	 	 	2	20	0.00	53.98%	51	 	31.79	0.0	8	CR
88396	10	16	18	13	16	12	15	2	5	18	1	20	0.00	82.39%	93	69	79.15	2.6
88507	9	16	19	19	19	19	18	2	7	17	 	20	0.00	93.75%	93	84	89.70	3.4
88689	9	14	17	16	11	 	 	 	 	 	 	20	0.00	49.43%	47	 	29.17	0.0
88728	9	16	17	19	20	18	19	2	8	18	5	20	1.00	94.89%	69	67	78.55	2.5
88858	9	14	19	19	18	20	18	2	8	16	4	20	0.00	92.61%	75	86	86.45	3.2	10	CR
89070	8	15	17	17	14	18	17	2	8	14	4	20	0.00	85.23%	71	47	67.09	1.6	11	CR
89109	10	15	19	17	15	18	18	2	6	16	4	18	0.00	87.50%	98	86	89.00	3.4	10	CR
89141	9	16	20	17	14	13	16	2	8	17	5	20	0.00	86.36%	84	63	76.55	2.3
89330	8	15	19	17	18	18	17	2	8	14	3	20	0.00	88.64%	92	92	90.65	3.5
89364	10	16	20	17	17	19	18	2	8	16	2	20	0.00	92.61%	84	69	81.45	2.7	10	CR
89906	9	16	20	18	20	19	19	2	7	20	 	20	0.00	96.59%	90	90	92.64	3.6	10	CR
90027	9	16	19	14	8	7	9	2	7	13	5	20	0.00	70.45%	71	65	68.38	1.7
90122	10	16	20	19	17	20	18	2	8	17	 	20	0.00	94.89%	94	96	95.15	3.9	9	CR
90219	6	16	20	17	18	18	18	2	7	16	4	20	0.00	89.77%	94	97	93.51	3.7
90248	10	15	19	16	18	20	19	2	6	18	1	20	0.00	92.61%	95	98	95.25	3.9	10	CR
90329	10	15	19	16	16	16	18	2	7	19	4	20	0.00	89.77%	96	97	93.91	3.8
90602	10	16	19	16	19	19	16	2	7	14	 	20	0.00	89.77%	92	92	91.11	3.5
90758	9	15	19	17	17	13	16	2	7	16	5	20	0.00	85.80%	91	83	85.72	3.1	9	CR
90860	 	15	18	15	16	17	12	2	7	20	5	20	0.00	80.68%	71	79	78.07	2.5
91114	9	15	20	17	18	18	16	2	8	17	2	20	1.00	91.48%	80	74	82.19	2.8	11	CR
91278	10	16	20	19	17	17	16	2	7	15	4	20	0.00	90.34%	92	74	84.14	3.0	11	CR
91467	10	15	19	18	18	17	16	2	7	17	2	20	0.00	90.34%	91	86	88.74	3.3
91566	6	11	17	15	16	13	15	2	4	14	1	15	0.00	72.73%	82	87	80.29	2.7	1
91596	6	16	19	14	16	14	16	2	6	10	5	20	0.00	78.98%	71	60	69.79	1.8	8	CR
91599	10	15	13	17	13	18	15	2	6	 	4	20	0.00	73.30%	75	59	67.92	1.6
91664	9	15	20	15	19	18	20	 	8	19	4	20	0.00	92.61%	60	57	71.85	2.0	11	CR
91722	10	16	19	18	17	20	20	2	8	20	 	20	1.33	97.35%	79	99	94.34	3.8
91725	9	16	17	17	16	 	 	 	 	 	3	3	0.00	44.32%	56	 	28.93	0.0
91761	9	16	20	17	17	15	17	2	8	12	2	20	0.00	86.93%	79	41	66.97	1.6
91791	3	15	12	12	17	18	16	2	6	16	4	20	0.00	77.84%	82	80	79.54	2.6	9	CR
91796	8	15	16	16	18	14	18	2	6	12	4	6	0.00	74.43%	62	14	47.77	0.0
91953	10	16	20	18	18	18	19	2	7	18	3	20	0.00	94.32%	100	98	96.93	4.0	9	CR
91980	8	16	20	17	15	17	18	2	6	15	 	20	1.00	88.07%	93	90	89.83	3.4
91986	8	9	11	11	8	17	14	2	6	14	1	18	0.00	67.05%	89	62	69.42	1.8
92044	10	16	19	18	19	18	16	2	7	19	4	20	0.00	93.18%	75	71	80.67	2.7
92045	9	16	19	17	20	16	17	2	8	20	 	18	0.00	92.05%	96	97	94.82	3.8
92103	10	15	17	18	19	16	17	2	7	17	3	20	0.00	89.77%	85	70	80.91	2.7	1
92112	6	14	20	13	14	5	 	 	 	 	5	15	0.00	49.43%	57	5	33.17	0.0
92240	9	11	17	 	 	 	 	 	 	 	4	9	0.00	26.14%	 	 	10.45	0.0
92352	9	15	17	15	16	19	15	2	7	18	 	20	0.00	86.93%	86	85	85.97	3.1	9	CR
92392	8	 	18	12	5	 	 	 	 	 	4	18	0.00	34.66%	61	7	28.86	0.0
92652	9	16	19	16	17	16	18	2	7	16	2	20	0.00	88.64%	78	71	79.45	2.6	11	CR
92656	9	15	17	15	16	18	18	 	7	15	 	20	0.00	85.23%	66	52	68.09	1.6	9	CR
92682	10	15	19	18	19	20	18	2	8	21	1	20	0.00	96.59%	98	98	97.44	4.0
92774	10	15	19	16	12	16	15	2	7	16	2	20	0.00	84.09%	66	71	75.24	2.2
92907	9	16	19	18	19	18	19	2	6	17	5	20	0.00	92.61%	88	82	87.45	3.2	10	CR
92974	10	15	20	18	20	17	20	2	7	20	3	20	0.00	96.02%	98	95	96.01	3.9
93045	10	16	20	17	17	15	17	 	8	18	5	20	0.00	89.77%	95	95	92.91	3.6
93129	10	16	20	19	20	20	18	2	7	19	 	20	1.33	97.92%	80	85	89.17	3.4
93267	9	15	15	17	13	17	16	2	7	18	3	20	0.00	84.66%	70	84	81.46	2.7	10	CR
93368	9	15	10	15	17	14	16	2	6	15	5	20	0.00	78.98%	62	76	74.39	2.2
93488	8	15	19	15	18	20	20	2	6	19	4	20	0.00	92.05%	58	38	63.62	1.3	9	CR
93495	10	16	20	17	17	18	18	2	7	13	2	20	0.00	89.77%	96	90	91.11	3.5
93524	9	13	 	 	 	 	 	 	 	 	 	6	0.00	15.91%	60	33	31.56	0.0
93525	8	16	20	17	 	18	16	2	 	13	5	12	0.00	69.32%	76	72	71.73	1.9
93528	10	16	19	18	17	18	18	2	6	19	5	20	0.33	92.80%	91	87	90.12	3.5	9	CR
93616	8	15	17	17	14	19	17	2	3	19	3	20	0.00	85.80%	95	84	86.92	3.2
93678	10	16	19	16	20	19	18	2	7	17	4	20	0.00	93.18%	93	93	93.07	3.7	11	CR
93711	9	16	20	18	16	18	20	2	8	20	 	20	0.00	94.89%	95	97	95.75	3.9	10	CR
93738	10	16	19	18	19	17	17	2	7	18	3	20	0.00	92.61%	81	80	85.25	3.1
93742	10	15	20	16	18	16	17	2	6	14	4	18	0.00	86.36%	66	68	74.95	2.2
93808	10	16	18	19	17	19	18	2	7	21	 	20	0.00	94.89%	90	98	95.15	3.9
93816	9	15	19	17	15	15	17	2	6	18	5	20	0.00	86.93%	95	91	90.17	3.5	7	NC
93940	10	16	19	17	20	20	19	2	7	20	 	20	0.00	96.59%	94	100	97.44	4.0
94321	9	13	20	14	20	19	17	2	7	17	 	20	0.00	89.77%	80	88	87.11	3.2
94480	10	16	19	16	16	17	17	2	6	16	1	20	0.00	88.07%	94	83	87.23	3.2
94511	10	15	19	17	19	20	17	2	6	14	2	20	0.00	90.34%	67	65	75.54	2.3	11	CR
94640	9	15	19	14	16	8	12	2	5	16	3	20	0.00	77.27%	70	62	69.71	1.8
94684	10	15	20	20	20	20	18	2	7	17	2	20	1.33	96.78%	94	98	96.71	4.0
94711	8	14	18	17	17	17	19	2	6	16	 	20	0.00	87.50%	99	90	90.80	3.5	10	CR
94720	6	14	19	11	14	19	17	2	8	17	4	20	0.00	83.52%	93	85	86.01	3.1
94728	8	16	19	16	18	17	18	2	8	18	 	20	0.00	90.91%	71	87	85.36	3.1	10	CR
94737	7	14	14	14	17	18	16	2	7	16	5	20	0.00	82.39%	75	73	77.15	2.4	11	CR
94773	9	14	18	17	16	7	17	2	6	16	 	20	0.00	80.68%	73	75	76.87	2.4
94776	7	16	19	17	15	 	14	 	6	14	4	12	1.33	68.94%	79	82	76.18	2.3
94861	10	16	20	20	20	20	20	2	8	18	4	20	0.00	98.86%	94	94	95.95	3.9	9	CR
94863	10	15	17	15	13	17	19	2	7	16	4	20	0.00	85.80%	80	76	80.72	2.7	8	CR
94927	10	16	14	14	13	15	15	2	6	18	 	20	0.33	81.44%	72	43	64.18	1.3	11	CR
94955	8	14	20	17	14	16	14	2	6	14	1	20	0.00	82.39%	71	46	65.55	1.4
94956	9	14	14	17	15	16	17	2	7	17	 	20	1.33	84.85%	87	83	84.54	3.0
94988	10	15	20	18	17	20	20	2	8	19	2	20	0.00	96.02%	86	93	92.81	3.6
94989	10	15	19	18	19	17	15	2	8	18	1	20	0.00	91.48%	72	64	76.59	2.3
95314	10	16	19	17	18	14	18	2	5	18	1	20	0.00	89.20%	79	75	81.48	2.7	9	CR
95562	9	16	17	18	19	15	18	2	7	16	2	20	0.00	89.20%	80	81	84.08	3.0	9	CR
95601	10	15	17	18	16	16	19	2	7	17	1	20	0.00	89.20%	83	54	73.88	2.1	11	CR
95636	8	15	17	14	13	15	15	2	5	20	2	20	0.00	81.82%	92	71	79.53	2.6
95640	10	15	16	15	13	18	12	2	7	17	5	15	0.00	79.55%	34	30	50.62	0.0
95698	10	15	14	19	13	20	17	2	7	18	5	20	0.00	88.07%	87	42	69.43	1.8	9	CR
95764	5	11	10	17	17	16	14	2	5	16	2	12	0.33	71.21%	86	63	70.88	1.9
95854	10	16	19	19	18	18	17	2	7	20	 	20	1.00	94.89%	84	95	92.75	3.6	1
96024	10	14	15	16	18	16	17	2	6	19	4	20	0.00	86.93%	66	64	73.57	2.1
96405	8	16	13	18	10	15	17	2	6	15	 	20	0.00	79.55%	85	71	77.22	2.4
96462	10	15	17	18	14	18	19	2	7	19	2	20	0.00	90.34%	91	93	91.54	3.5	9	CR
96599	7	14	20	17	15	17	20	2	7	19	5	20	0.00	89.77%	77	88	86.51	3.2
96665	9	15	17	17	19	19	15	2	8	15	3	20	0.00	88.64%	86	100	92.65	3.6	9	CR
96820	8	15	19	18	18	16	17	2	6	16	 	20	0.00	88.07%	88	91	89.23	3.4
96888	8	12	18	15	11	13	2	2	6	14	5	20	0.00	68.75%	72	82	74.70	2.2
97019	10	14	19	18	19	20	19	2	7	17	5	18	0.00	92.61%	91	88	90.45	3.5
97080	10	16	20	18	18	17	20	2	7	17	3	20	1.33	94.51%	88	72	84.20	3.0	10	CR
97104	10	16	20	17	20	18	19	2	7	17	 	20	0.00	94.32%	92	90	92.13	3.6
97947	9	15	12	12	5	12	7	 	 	 	5	9	0.00	46.02%	71	48	51.81	0.0
98004	10	15	19	13	15	1	13	2	5	18	5	18	0.00	73.30%	47	6	41.12	0.0
98102	9	15	19	18	18	15	17	2	6	13	5	20	0.00	86.36%	88	80	84.15	3.0
98357	9	16	19	17	19	19	19	2	7	17	4	20	0.00	93.18%	94	93	93.27	3.7	9	CR
98363	8	6	4	1	2	 	 	 	 	 	2	18	0.00	22.16%	42	 	17.26	0.0	1
98498	10	16	19	17	16	10	18	2	6	13	5	15	0.00	80.68%	88	70	77.87	2.5
98558	9	10	19	17	17	18	18	2	8	19	1	20	0.00	89.20%	87	98	92.28	3.6
98775	9	15	16	17	19	14	17	 	6	18	5	20	0.00	85.80%	94	79	84.72	3.0
98839	9	16	19	17	17	19	17	2	6	17	3	20	0.00	90.34%	92	90	90.54	3.5	9	CR
98909	8	15	 	16	14	 	16	2	6	 	5	18	0.00	53.98%	52	27	42.79	0.0	1
98915	8	15	20	19	18	17	18	2	8	18	5	20	0.00	92.61%	81	89	88.85	3.4	8	CR
99088	9	15	20	16	18	20	18	2	7	15	5	18	0.00	89.77%	82	80	84.31	3.0
99118	6	9	11	13	12	6	11	2	5	13	5	0	0.00	50.00%	66	80	65.20	1.4
99131	8	15	17	17	15	17	17	2	6	13	3	20	0.00	83.52%	64	43	63.41	1.3	1
99196	9	16	18	19	19	18	20	2	7	18	0	20	2.00	95.45%	86	96	93.78	3.7	1
99312	9	15	15	15	17	19	18	2	7	18	 	20	0.00	88.07%	94	91	90.43	3.5	9	CR
99349	4	13	18	16	16	16	16	 	 	 	3	3	0.00	57.95%	53	 	33.78	0.0
99375	9	16	20	19	11	16	16	2	6	16	1	20	0.33	85.98%	92	83	85.99	3.1	11	CR
99582	9	14	19	18	16	16	17	2	7	16	1	20	0.00	87.50%	74	89	85.40	3.1	9	CR
99839	9	16	20	15	15	13	14	2	5	16	5	20	0.00	82.39%	80	77	79.75	2.6
99884	10	16	17	17	15	17	17	 	6	19	 	12	0.00	82.95%	78	83	81.98	2.8

mean	9.1	15.1	17.8	16.7	16.6	16.3	16.5	2.0	6.4	16.3	3.3	19.1	0.1	83.4%	81.6	76.8	79.0	2.6	8.1
median	9	15	19	17	17	17	17	2	7	17	3	20	0	87.5%	84	82	84.14	3	9