last 4 digits of sid	assign1	assign2	assign3	assign4	assign5	assign6	assign7	assign8	Late_Days	section	weekly %	midterm	final	new fin	total	grade
5555	10	15	20	20	20	19	18	18	 	20	96.39%	99	98	104	99.95	4
0631	10	16	20	20	18	20	19	18	1	20	96.99%	97	98	104	99.80	4
3279	10	16	20	20	19	20	19	19	 	20	98.19%	96	97	103	99.68	4
6594	10	16	20	20	20	20	20	20	5	20	100.00%	97	94	100	99.40	4
9836	9	16	20	20	20	19	19	20	-1	20	98.19%	96	96	102	99.28	4
1795	9	16	20	20	18	20	20	18	2	20	96.99%	100	95	101	99.20	4
4150	10	16	20	20	20	20	19	20	-1	20	99.40%	99	93	99	99.16	4
2280	10	16	20	19	18	20	19	20	-1	20	97.59%	97	94	100	98.44	4
0130	10	16	19	19	18	18	19	19	2	18	93.98%	94	99	105	98.39	4
2287	8	16	20	20	19	19	20	20	 	20	97.59%	94	95	101	98.24	4
1002	10	16	20	20	18	20	20	20	 	20	98.80%	98	91	97	97.92	4
3900	10	16	20	20	18	20	20	20	-1	20	98.80%	91	94	100	97.72	4
1155	10	15	20	19	18	18	20	17	2	20	94.58%	92	97	103	97.43	4
0560	10	16	19	20	18	20	19	19	 	20	96.99%	91	95	101	97.40	4
1044	10	16	20	20	18	19	20	20	3	20	98.19%	96	91	97	97.28	4
1328	9	16	19	19	20	20	20	20	 	20	98.19%	91	93	99	97.08	4
4036	10	16	19	20	19	19	18	19	2	20	96.39%	96	92	98	96.95	4
0209	9	16	20	20	18	20	20	19	1	20	97.59%	98	89	95	96.64	4
0373	10	16	20	20	19	18	18	19	4	20	96.39%	94	92	98	96.55	4
3960	10	16	20	19	19	19	20	20	1	20	98.19%	96	89	95	96.48	4
8246	10	16	20	20	19	20	20	20	1	20	99.40%	95	88	94	96.36	4
4792	9	16	18	20	18	20	20	18	2	20	95.78%	90	94	100	96.31	4
3552	9	15	20	20	19	20	20	20	4	20	98.19%	91	91	97	96.28	4
2355	10	16	20	19	19	19	20	19	1	20	97.59%	88	93	99	96.24	4
8716	9	15	18	19	17	19	19	19	2	20	93.37%	92	95	101	96.15	4
0515	7	16	20	19	18	17	18	18	 	20	92.17%	96	94	100	96.07	4
1612	10	16	20	20	20	18	17	19	2	20	96.39%	94	90	96	95.75	3.9
2292	8	16	20	19	18	16	19	18	1	20	92.77%	89	96	102	95.71	3.9
7021	9	15	20	16	18	18	18	19	 	20	92.17%	95	93	99	95.47	3.9
6113	9	15	20	20	19	20	20	19	4	20	97.59%	96	87	93	95.44	3.9
1598	9	16	20	19	19	19	19	18	 	20	95.78%	99	87	93	95.31	3.9
4322	10	15	20	20	19	19	20	20	 	20	98.19%	82	93	99	95.28	3.9
0769	10	14	19	19	19	19	18	19	 	20	94.58%	95	90	96	95.23	3.9
3093	9	16	20	18	19	19	20	20	 	20	96.99%	100	85	91	95.20	3.9
3064	10	16	20	18	18	18	18	19	 	20	94.58%	85	94	100	94.83	3.9
2028	10	16	19	20	19	20	20	20	 	20	98.80%	94	85	91	94.72	3.9
2917	9	16	19	20	20	20	19	18	-1	20	96.99%	93	87	93	94.60	3.9
7344	10	16	19	20	17	17	18	19	5	20	93.98%	95	89	95	94.59	3.9
0093	10	15	18	19	19	15	19	20	 	20	93.37%	96	89	95	94.55	3.9
9266	9	15	17	18	19	19	18	20	1	20	93.37%	96	89	95	94.55	3.9
0938	10	15	20	19	16	19	17	18	2	20	92.77%	95	90	96	94.51	3.9
6907	10	16	18	16	17	19	19	20	1	20	93.37%	87	93	99	94.35	3.9
2583	9	16	19	20	19	18	19	19	 	20	95.78%	92	88	94	94.31	3.9
3033	10	16	19	17	16	18	18	20	 	20	92.77%	96	89	95	94.31	3.9
1101	 	16	20	19	18	17	18	20	4	20	89.16%	97	92	98	94.26	3.9
1335	10	16	20	19	19	19	18	20	3	20	96.99%	83	91	97	94.20	3.9
0868	9	15	18	18	19	18	20	18	2	20	93.37%	94	89	95	94.15	3.8
4313	10	16	20	20	19	18	16	20	3	20	95.78%	91	88	94	94.11	3.8
1951	9	15	20	17	18	16	19	20	4	20	92.77%	91	91	97	94.11	3.8
3071	9	16	19	18	16	19	19	17	2	20	92.17%	92	91	97	94.07	3.8
3804	10	16	18	19	18	20	16	19	5	20	93.98%	88	91	97	93.99	3.8
2759	10	16	20	20	16	20	19	19	 	20	96.39%	91	87	93	93.95	3.8
0312	10	16	20	20	19	20	20	18	2	20	98.19%	87	87	93	93.88	3.8
1392	9	16	20	20	19	20	18	19	2	20	96.99%	93	85	91	93.80	3.8
9777	10	9	19	19	19	19	19	20	5	20	92.77%	89	91	97	93.71	3.8
4363	10	16	20	20	19	17	18	18	4	20	95.18%	96	85	91	93.67	3.8
8826	10	16	19	18	17	20	19	17	4	20	93.98%	82	93	99	93.59	3.8
6088	8	15	20	16	17	18	18	19	 	20	90.96%	86	94	100	93.59	3.8
0534	8	16	20	16	20	20	19	20	 	20	95.78%	96	84	90	93.51	3.8
0215	10	16	20	19	19	15	20	20	2	20	95.78%	96	84	90	93.51	3.8
3381	10	15	19	19	17	18	20	19	 	20	94.58%	94	86	92	93.43	3.8
4161	10	16	20	20	18	19	20	18	3	20	96.99%	89	86	92	93.40	3.8
0746	9	15	19	20	19	20	19	20	 	20	96.99%	91	85	91	93.40	3.8
6189	10	16	20	20	19	20	19	20	2	20	98.80%	91	83	89	93.32	3.8
5766	10	15	19	17	18	18	18	19	 	20	92.77%	95	87	93	93.31	3.8
4612	9	15	20	19	18	15	19	19	0	20	92.77%	95	87	93	93.31	3.8
8366	10	16	20	19	20	19	19	19	2	20	97.59%	95	82	88	93.24	3.8
2111	10	15	19	18	19	18	18	18	2	20	93.37%	87	90	96	93.15	3.8
2172	8	15	20	20	18	19	19	20	2	20	95.78%	96	83	89	93.11	3.8
0873	10	16	17	19	17	16	18	18	 	20	90.96%	97	87	93	92.99	3.8
8779	10	16	19	19	19	18	20	18	2	20	95.78%	93	84	90	92.91	3.7
5494	9	16	19	19	18	16	18	19	4	20	92.77%	91	88	94	92.91	3.7
1492	10	15	19	19	18	18	16	19	5	20	92.77%	89	89	95	92.91	3.7
1149	10	16	20	17	18	19	18	19	 	20	94.58%	93	85	91	92.83	3.7
4500	7	16	19	18	17	20	20	19	3	20	93.98%	84	90	96	92.79	3.7
2527	10	16	19	20	19	20	19	19	4	20	97.59%	86	85	91	92.64	3.7
8990	10	16	19	19	16	19	19	19	3	15	91.57%	92	88	94	92.63	3.7
0418	10	15	19	19	19	18	15	20	2	20	93.37%	90	87	93	92.55	3.7
1593	10	16	19	17	17	20	20	20	3	20	95.78%	87	86	92	92.51	3.7
5849	8	15	17	19	17	20	19	18	1	20	92.17%	96	85	91	92.47	3.7
5545	10	16	20	19	19	18	17	18	3	20	94.58%	95	83	89	92.43	3.7
0375	8	16	19	20	15	16	20	18	5	20	91.57%	93	87	93	92.43	3.7
2227	10	16	19	20	19	20	19	17	 	20	96.39%	87	85	91	92.35	3.7
0262	10	14	19	20	19	16	17	20	3	20	93.37%	89	87	93	92.35	3.7
8863	9	15	20	19	19	18	19	19	1	20	95.18%	85	87	93	92.27	3.7
0503	9	16	17	18	19	20	18	19	2	20	93.98%	93	84	90	92.19	3.7
4673	6	10	18	17	11	16	20	18	1	20	81.93%	97	94	100	92.17	3.7
0097	10	16	19	20	16	20	20	19	3	20	96.39%	90	83	89	92.15	3.7
9888	9	16	20	20	19	17	19	20	1	20	96.39%	80	88	94	92.15	3.7
0469	9	15	20	19	17	18	19	18	 	20	93.37%	88	87	93	92.15	3.7
2241	10	15	19	18	19	19	19	20	-1	20	95.78%	99	79	85	92.11	3.7
0353	8	14	17	16	19	18	18	18	 	20	89.16%	82	94	100	92.06	3.7
2553	10	16	20	19	17	20	17	18	 	20	94.58%	83	88	94	92.03	3.7
3060	9	16	20	18	17	17	17	17	-1	20	90.96%	83	91	97	91.79	3.6
2430	9	16	17	15	19	16	19	20	 	20	90.96%	87	89	95	91.79	3.6
8131	9	16	17	19	17	18	18	12	5	20	87.95%	91	90	96	91.78	3.6
3899	9	16	19	20	20	20	20	20	 	20	98.80%	87	81	87	91.72	3.6
1290	10	16	20	20	19	18	20	19	3	20	97.59%	89	81	87	91.64	3.6
1055	10	16	20	19	19	19	20	19	2	20	97.59%	91	80	86	91.64	3.6
9367	9	15	20	17	18	15	18	17	5	20	89.76%	94	86	92	91.50	3.6
9644	7	16	19	19	17	13	19	17	1	20	88.55%	96	86	92	91.42	3.6
5259	8	15	18	18	17	16	19	16	 	20	88.55%	92	88	94	91.42	3.6
3686	9	16	20	20	19	16	18	18	1	20	93.98%	91	83	89	91.39	3.6
2781	9	16	16	19	18	17	17	19	2	20	90.96%	95	84	90	91.39	3.6
4227	9	16	20	18	15	18	20	17	5	20	92.17%	88	86	92	91.27	3.6
2656	9	16	20	20	20	18	20	19	1	20	97.59%	83	83	89	91.24	3.6
9157	10	16	20	19	18	18	18	17	5	20	93.98%	88	84	90	91.19	3.6
1737	9	14	 	20	18	16	19	20	 	20	81.93%	96	92	98	91.17	3.6
1676	10	15	20	19	18	19	19	20	 	20	96.39%	93	79	85	91.15	3.6
8721	8	16	19	20	19	18	15	20	5	20	93.37%	81	88	94	91.15	3.6
7771	9	16	19	20	18	17	18	20	1	20	94.58%	84	85	91	91.03	3.6
5288	10	16	18	18	17	16	20	20	 	20	93.37%	92	82	88	90.95	3.6
0776	10	16	20	18	18	19	19	19	2	20	95.78%	91	80	86	90.91	3.6
0985	6	16	17	20	19	17	19	19	5	20	92.17%	94	82	88	90.87	3.6
7989	9	16	18	19	19	16	18	20	1	20	93.37%	91	82	88	90.75	3.5
1939	10	16	16	16	19	17	18	18	 	20	90.36%	89	86	92	90.74	3.5
6761	10	16	20	20	18	18	20	20	4	20	97.59%	80	83	89	90.64	3.5
0021	8	14	17	18	18	20	16	19	 	20	90.36%	94	83	89	90.54	3.5
1320	10	16	20	20	17	17	20	19	2	20	95.78%	89	80	86	90.51	3.5
2251	8	16	16	15	16	14	18	16	 	20	83.73%	87	93	99	90.49	3.5
1821	10	16	20	20	15	19	20	18	3	20	95.18%	88	81	87	90.47	3.5
8189	9	15	19	19	15	17	17	17	4	20	89.16%	90	86	92	90.46	3.5
5816	10	16	20	18	18	20	20	20	 	20	97.59%	93	76	82	90.44	3.5
8136	9	15	19	19	18	18	17	19	1	20	92.77%	94	80	86	90.31	3.5
0445	7	15	16	16	15	14	17	14	5	20	80.72%	90	94	100	90.29	3.5
1864	9	16	18	19	20	19	18	19	 	20	95.18%	91	79	85	90.27	3.5
2954	9	16	20	18	20	20	20	19	5	20	97.59%	96	74	80	90.24	3.5
8582	7	14	20	12	15	14	18	17	3	20	82.53%	94	90	96	90.21	3.5
1126	10	15	20	18	19	18	11	16	 	20	88.55%	89	86	92	90.02	3.5
9715	10	16	20	20	18	18	20	18	2	20	96.39%	81	82	88	89.95	3.5
8428	9	15	17	18	12	17	18	19	3	20	87.35%	83	90	96	89.94	3.5
7246	9	16	18	20	18	19	20	19	2	20	95.78%	86	80	86	89.91	3.5
0860	10	16	20	16	19	19	16	18	 	20	92.77%	84	84	90	89.91	3.5
2952	9	16	16	17	19	16	19	17	2	20	89.76%	96	81	87	89.90	3.5
1226	8	16	19	19	18	18	20	20	 	20	95.18%	83	82	88	89.87	3.5
4072	10	15	17	16	15	17	20	18	5	20	89.16%	99	80	86	89.86	3.5
7312	10	16	20	17	16	19	20	18	1	20	93.98%	93	78	84	89.79	3.5
0765	9	16	20	19	17	17	18	19	 	20	93.37%	82	84	90	89.75	3.5
0779	8	15	20	16	17	19	20	17	 	20	91.57%	87	83	89	89.63	3.5
0503	8	16	16	15	15	19	19	19	0	20	88.55%	89	85	91	89.62	3.5
7715	6	15	17	19	18	17	19	16	 	20	88.55%	91	84	90	89.62	3.5
0372	10	16	20	20	18	20	18	19	5	20	96.99%	80	81	87	89.60	3.5
0010	10	16	19	17	20	20	20	18	4	20	96.39%	89	77	83	89.55	3.5
0438	8	15	20	18	19	17	19	18	 	20	92.77%	94	78	84	89.51	3.5
0043	10	15	20	15	16	17	18	18	1	20	89.76%	86	85	91	89.50	3.5
2038	9	15	20	19	18	16	17	19	3	20	92.17%	85	83	89	89.47	3.4
0961	10	16	19	19	15	19	18	18	-1	20	92.77%	87	81	87	89.31	3.4
0584	9	16	20	17	20	20	20	20	 	20	97.59%	95	72	78	89.24	3.4
1301	10	16	20	17	18	20	20	20	 	20	96.99%	84	78	84	89.20	3.4
2438	9	15	19	17	19	18	19	15	4	20	90.96%	94	79	85	89.19	3.4
1090	10	14	19	20	20	17	15	20	 	20	93.37%	81	83	89	89.15	3.4
1563	8	16	18	20	20	18	20	20	 	20	96.39%	90	75	81	88.95	3.4
3567	9	15	20	16	19	14	17	19	5	20	89.76%	89	82	88	88.90	3.4
1411	10	16	17	19	16	19	18	16	5	20	90.96%	94	78	84	88.79	3.4
3947	10	16	20	19	19	18	19	18	-1	20	95.78%	90	75	81	88.71	3.4
2939	9	15	19	18	15	19	18	20	1	20	92.17%	91	78	84	88.67	3.4
7229	8	16	18	0	15	18	19	19	2	20	80.12%	99	86	92	88.65	3.7
5348	10	16	20	19	18	19	20	20	1	20	97.59%	84	76	82	88.64	3.4
1079	9	16	20	18	18	15	19	15	 	20	90.36%	94	78	84	88.54	3.4
1125	10	16	20	19	17	18	19	19	 	20	95.18%	84	78	84	88.47	3.3
0484	9	16	17	19	19	19	20	19	1	20	95.18%	90	75	81	88.47	3.3
9499	10	15	17	19	18	20	19	15	2	20	92.17%	80	83	89	88.47	3.3
0741	9	16	18	20	17	18	17	18	1	20	92.17%	88	79	85	88.47	3.3
5949	9	14	19	18	19	18	19	16	5	20	91.57%	87	80	86	88.43	3.3
0487	9	14	20	20	16	17	20	19	 	20	93.37%	91	76	82	88.35	3.3
3657	8	14	16	20	18	17	18	19	1	20	90.36%	85	82	88	88.34	3.3
8116	9	15	19	19	19	19	19	20	 	20	95.78%	92	73	79	88.31	3.3
0158	8	14	20	17	17	18	17	18	 	20	89.76%	92	79	85	88.30	3.3
8272	9	14	17	20	15	17	18	19	2	20	89.76%	86	82	88	88.30	3.3
0674	10	16	20	19	19	20	20	19	 	20	98.19%	83	75	81	88.28	3.3
8857	10	16	18	17	19	16	18	13	2	20	88.55%	82	85	91	88.22	3.3
4067	8	16	20	16	20	20	20	20	3	20	96.39%	74	81	87	88.15	3.3
0536	9	16	19	19	18	16	19	19	5	20	93.37%	86	78	84	88.15	3.3
5546	10	15	19	20	18	17	18	18	 	20	93.37%	86	78	84	88.15	3.3
0494	 	13	18	17	18	15	19	19	3	20	83.73%	87	87	93	88.09	3.3
6204	9	16	20	20	18	18	19	18	5	20	95.18%	74	82	88	88.07	3.3
0086	9	16	20	20	17	19	17	17	2	18	92.17%	84	80	86	88.07	3.3
4444	9	16	15	17	18	19	18	16	3	20	89.16%	90	80	86	88.06	3.3
4179	8	15	20	15	13	18	13	16	5	20	83.13%	90	86	92	88.05	3.3
8161	7	16	19	16	15	19	18	17	4	20	88.55%	79	86	92	88.02	3.3
0795	7	16	19	19	18	18	18	20	5	20	93.37%	83	79	85	87.95	3.3
1122	10	15	17	15	19	17	18	19	1	20	90.36%	85	81	87	87.94	3.3
0610	10	16	20	18	19	20	17	19	3	20	95.78%	92	72	78	87.91	3.3
0383	9	11	20	19	18	18	16	17	4	20	89.16%	93	78	84	87.86	3.3
2401	8	16	20	19	17	16	19	17	1	20	91.57%	92	76	82	87.83	3.3
9925	9	15	20	18	17	16	17	19	3	20	90.96%	87	79	85	87.79	3.3
7452	10	16	15	19	13	20	18	18	 	20	89.76%	91	78	84	87.70	3.3
9938	8	15	18	17	16	17	16	11	 	20	83.13%	90	85	91	87.65	3.3
4236	9	16	20	16	18	18	19	16	 	20	91.57%	88	77	83	87.43	3.2
3036	6	15	17	17	17	14	19	17	 	20	85.54%	92	81	87	87.42	3.2
4461	9	15	19	18	13	13	17	18	4	20	85.54%	92	81	87	87.42	3.2
6644	9	16	18	19	20	20	19	19	 	20	96.39%	72	80	86	87.35	3.2
0653	9	16	20	19	19	19	19	18	2	20	95.78%	85	74	80	87.31	3.2
4710	10	16	20	20	19	20	20	17	5	20	97.59%	83	73	79	87.24	3.2
3906	9	15	20	19	19	17	19	19	1	20	94.58%	79	78	84	87.23	3.2
1126	9	15	17	17	13	17	18	18	2	20	86.75%	86	82	88	87.10	3.2
0689	10	15	17	17	16	18	17	17	 	20	88.55%	84	81	87	87.02	3.2
1545	10	16	20	20	18	19	20	18	5	15	93.98%	79	78	84	86.99	3.2
7815	10	16	18	18	20	17	19	20	3	20	95.18%	86	73	79	86.87	3.2
4714	9	16	20	17	16	18	14	18	5	20	89.16%	76	84	90	86.86	3.2
7816	8	14	17	19	16	17	16	19	1	20	87.95%	90	78	84	86.78	3.2
5896	9	15	18	18	17	19	14	18	5	18	87.95%	84	81	87	86.78	3.2
3890	10	15	20	17	18	18	20	19	4	20	94.58%	78	77	83	86.63	3.2
1066	9	16	19	20	16	14	18	19	1	20	90.96%	87	76	82	86.59	3.2
7833	10	16	18	19	19	17	16	19	 	20	92.77%	93	71	77	86.51	3.2
5548	5	15	15	19	17	16	19	18	3	20	86.75%	81	83	89	86.50	3.1
8110	7	15	19	18	19	19	17	19	3	20	92.17%	80	78	84	86.47	3.1
3441	9	16	19	20	15	17	20	19	 	20	93.37%	89	72	78	86.35	3.1
9475	9	16	18	19	16	20	19	17	2	20	92.77%	92	71	77	86.31	3.1
0131	9	15	20	19	16	15	17	18	1	20	89.76%	90	75	81	86.30	3.1
8193	9	16	17	18	17	17	15	15	2	20	86.75%	92	77	83	86.30	3.1
3945	10	16	19	18	19	16	19	16	3	20	92.17%	81	77	83	86.27	3.1
8878	8	15	19	19	14	20	18	18	5	20	90.96%	77	80	86	86.19	3.1
7627	8	16	19	16	14	18	16	18	 	20	87.35%	82	81	87	86.14	3.1
1700	10	16	20	20	16	17	19	15	2	20	92.17%	80	77	83	86.07	3.1
0209	9	15	20	18	16	15	16	19	4	20	89.16%	88	76	82	86.06	3.1
2090	10	15	20	19	17	17	19	19	5	20	93.98%	76	77	83	85.99	3.1
1354	9	14	20	17	20	17	20	19	5	20	93.98%	72	79	85	85.99	3.1
5924	9	 	18	19	18	14	17	17	3	18	78.31%	95	83	89	85.93	3.1
5717	10	16	17	18	18	19	19	20	2	20	94.58%	84	72	78	85.83	3.1
2861	10	16	20	18	19	17	17	15	4	20	91.57%	74	80	86	85.83	3.1
1688	9	16	14	19	19	15	18	20	4	20	90.36%	92	72	78	85.74	3.1
4217	6	14	19	17	18	13	18	20	5	20	87.35%	84	79	85	85.74	3.1
7472	9	16	20	20	19	17	17	16	 	20	92.77%	83	74	80	85.71	3.1
5444	10	15	18	20	16	17	20	17	1	20	92.17%	88	72	78	85.67	3.1
1588	9	15	0	18	18	16	17	18	1	20	78.92%	84	87	93	85.57	3.1
1152	8	16	20	13	17	14	19	18	2	20	87.35%	89	76	82	85.54	3.1
2081	9	14	19	19	0	18	19	17	1	20	81.33%	89	82	88	85.53	3.1
4351	8	15	20	20	19	20	19	18	1	20	95.78%	78	73	79	85.51	3.1
7922	10	16	20	18	20	15	17	18	-1	20	92.77%	76	77	83	85.51	3.1
5463	8	15	19	18	17	16	18	16	5	20	88.55%	92	73	79	85.42	3
6151	10	14	20	18	19	20	18	17	5	20	93.98%	83	72	78	85.39	3
2729	10	16	19	20	16	20	19	19	1	20	95.78%	81	71	77	85.31	3
0100	10	16	18	18	14	17	15	18	4	20	87.95%	82	78	84	85.18	3
7814	9	15	19	14	17	16	18	17	-1	20	87.35%	85	77	83	85.14	3
1207	9	14	17	19	20	20	20	19	 	20	95.18%	87	68	74	85.07	3
1069	9	16	18	16	19	18	19	18	3	20	92.17%	85	72	78	85.07	3
1599	8	14	19	17	18	18	18	15	3	20	88.55%	70	83	89	85.02	3
0696	10	15	19	18	17	17	15	18	5	20	89.76%	79	77	83	84.90	3
6247	7	16	19	17	16	19	15	18	 	20	88.55%	79	78	84	84.82	3
1578	7	16	19	18	16	16	19	15	 	20	87.95%	86	75	81	84.78	3
7911	9	16	17	18	18	16	17	18	 	20	89.76%	92	70	76	84.70	3
0979	9	16	16	19	19	0	18	17	5	20	80.72%	84	83	89	84.69	3
8865	9	15	20	20	18	15	16	17	1	20	90.36%	80	75	81	84.54	3
6476	9	16	19	17	18	19	17	19	3	20	92.77%	81	72	78	84.51	3
1939	9	16	18	19	19	18	18	17	 	20	92.77%	79	73	79	84.51	3
5666	9	16	16	17	18	17	15	16	4	20	86.75%	83	77	83	84.50	2.9
5964	10	14	15	17	17	 	13	18	2	20	74.70%	87	87	93	84.48	2.9
1098	9	16	18	18	19	14	19	20	1	20	92.17%	72	77	83	84.47	2.9
6756	10	16	20	17	19	15	17	17	2	20	90.96%	80	74	80	84.39	2.9
7960	9	16	19	20	15	15	16	19	4	20	89.76%	82	74	80	84.30	2.9
3268	8	15	20	18	11	17	16	18	 	20	86.14%	87	75	81	84.26	2.9
5494	9	16	18	20	18	18	19	18	3	20	93.98%	85	68	74	84.19	2.9
2198	10	16	20	20	20	 	16	19	5	20	84.94%	87	76	82	84.18	2.9
3062	10	11	14	18	15	13	14	14	4	20	77.71%	93	80	86	84.08	2.9
2592	8	15	19	 	13	15	20	19	1	20	77.71%	85	84	90	84.08	2.9
6170	8	15	14	17	18	18	17	18	 	20	87.35%	91	71	77	83.94	2.9
1898	10	15	19	18	13	17	18	15	4	15	84.34%	73	83	89	83.93	2.9
5887	6	16	19	18	16	15	14	19	3	15	83.13%	81	80	86	83.85	2.9
0257	9	15	17	20	13	19	17	16	 	20	87.95%	83	74	80	83.78	2.9
1644	9	16	17	18	18	16	16	15	5	20	87.35%	66	83	89	83.74	2.9
0824	9	16	20	16	18	17	17	20	3	20	92.17%	88	67	73	83.67	2.9
4106	6	13	18	17	14	16	18	16	 	20	83.13%	86	77	83	83.65	2.9
1454	9	16	20	18	16	17	16	 	1	20	79.52%	89	79	85	83.61	2.9
7558	9	16	16	19	16	13	18	8	5	20	81.33%	87	78	84	83.53	2.9
1309	9	15	17	18	18	18	20	19	1	20	92.77%	82	69	75	83.51	2.9
0033	10	15	17	18	17	15	16	19	4	20	88.55%	78	75	81	83.42	2.8
4493	8	15	19	17	18	14	14	17	5	20	85.54%	94	70	76	83.42	2.8
4006	6	15	17	16	16	16	15	17	4	20	83.13%	86	76	82	83.25	2.8
4387	9	16	18	19	20	19	19	19	 	20	95.78%	86	63	69	83.11	2.8
3405	8	16	16	19	17	16	19	18	4	20	89.76%	84	70	76	83.10	2.8
2675	8	14	19	 	17	19	18	19	 	20	80.72%	84	79	85	83.09	2.8
5918	8	11	2	19	15	16	15	17	5	20	74.10%	89	83	89	83.04	2.8
8257	9	14	17	18	15	16	18	20	1	20	88.55%	82	72	78	83.02	2.8
3667	9	14	20	18	16	17	18	15	5	20	88.55%	88	69	75	83.02	2.8
9331	10	16	20	17	18	19	18	18	4	20	93.98%	87	64	70	82.99	2.8
5341	8	15	20	18	15	18	19	18	4	20	90.96%	77	72	78	82.99	2.8
0906	9	16	19	17	20	0	16	18	 	20	81.33%	84	78	84	82.93	2.8
0046	10	16	19	18	13	16	17	18	 	20	88.55%	83	71	77	82.82	2.8
5636	9	15	17	20	18	19	19	19	4	20	93.98%	80	67	73	82.79	2.8
2528	7	12	0	15	18	13	17	18	5	20	72.29%	89	84	90	82.72	2.8
0442	8	15	14	17	19	16	19	18	1	20	87.95%	73	76	82	82.58	2.8
0848	9	16	16	20	18	14	18	18	5	20	89.76%	81	70	76	82.50	2.8
7897	9	16	19	19	16	19	20	15	 	20	92.17%	82	67	73	82.47	2.7
2107	9	14	20	18	14	17	14	16	 	20	85.54%	87	71	77	82.42	2.7
5953	9	15	18	18	16	15	16	17	4	20	86.75%	86	70	76	82.30	2.7
7822	9	16	18	18	18	17	17	19	4	20	91.57%	72	72	78	82.23	2.7
5552	9	16	18	13	18	16	14	18	2	20	85.54%	86	71	77	82.22	2.7
0232	9	15	16	15	15	18	18	20	4	20	87.95%	81	71	77	82.18	2.7
8209	10	16	20	19	19	19	20	20	5	20	98.19%	72	65	71	82.08	2.7
9685	9	15	15	19	17	17	13	18	 	20	86.14%	66	80	86	82.06	2.7
4951	9	16	14	16	13	15	16	18	 	20	82.53%	77	78	84	82.01	2.7
0453	9	16	20	19	13	16	16	20	2	20	89.76%	79	69	75	81.70	2.7
5878	9	14	19	18	17	19	19	16	5	18	89.76%	81	68	74	81.70	2.7
0670	9	15	19	15	15	14	13	19	 	20	83.73%	81	74	80	81.69	2.7
4171	9	15	15	15	14	15	16	18	3	20	82.53%	87	72	78	81.61	2.7
8120	8	15	19	18	16	16	19	19	 	20	90.36%	67	74	80	81.54	2.7
3674	10	16	20	19	17	19	19	18	5	20	95.18%	81	62	68	81.47	2.6
9926	8	16	19	17	13	17	16	17	5	20	86.14%	87	68	74	81.46	2.6
1750	9	16	19	16	17	13	18	19	 	20	88.55%	78	70	76	81.42	2.6
2516	8	16	20	20	18	18	18	17	3	20	93.37%	70	69	75	81.35	2.6
4517	9	16	15	19	15	15	19	19	 	20	88.55%	75	71	77	81.22	2.6
6164	10	15	 	20	17	19	17	18	5	20	81.93%	77	76	82	80.97	2.6
7100	10	16	17	18	17	 	15	18	0	20	78.92%	73	81	87	80.97	2.6
3076	8	14	19	17	17	10	12	18	2	20	81.33%	88	71	77	80.93	2.6
1041	10	15	19	20	18	19	19	20	5	20	96.39%	75	62	68	80.75	2.6
9717	10	15	19	16	15	17	19	18	 	20	89.76%	78	67	73	80.70	2.6
2530	8	16	13	 	15	17	17	18	1	20	74.70%	88	77	83	80.68	2.6
2913	9	15	19	19	19	18	20	19	3	20	95.18%	69	66	72	80.67	2.6
9378	9	16	20	19	19	15	19	20	4	20	94.58%	80	61	67	80.63	2.6
8290	7	14	19	18	17	13	19	16	2	20	86.14%	82	68	74	80.46	2.5
5123	8	16	 	20	15	17	18	17	5	20	78.92%	78	77	83	80.37	2.5
3291	10	16	19	18	17	8	15	19	2	20	85.54%	78	70	76	80.22	2.5
1714	10	16	17	18	20	17	19	 	3	20	82.53%	88	68	74	80.21	2.5
5812	10	15	18	17	17	17	19	19	5	20	91.57%	71	67	73	80.03	2.5
6389	7	15	17	20	12	15	17	18	2	20	84.94%	78	70	76	79.98	2.5
0904	 	15	14	16	12	12	12	17	5	20	71.08%	91	77	83	79.83	2.5
2428	7	16	19	17	19	19	20	20	 	20	94.58%	70	64	70	79.83	2.5
2476	10	16	17	17	18	16	19	18	3	20	90.96%	75	65	71	79.79	2.5
0604	10	16	20	19	15	19	19	18	3	20	93.98%	72	63	69	79.59	2.5
9133	9	13	14	17	16	20	18	19	2	20	87.95%	78	66	72	79.58	2.5
6132	8	15	17	14	18	16	11	17	5	20	81.93%	74	74	80	79.57	2.5
0029	10	16	19	18	17	14	15	14	2	20	86.14%	77	68	74	79.46	2.4
3581	10	16	20	20	19	19	20	18	5	20	97.59%	86	52	58	79.44	2.4
8057	8	15	19	18	19	19	 	19	 	20	82.53%	86	67	73	79.41	2.4
6987	8	16	19	19	18	18	18	19	5	20	93.37%	76	61	67	79.35	2.4
4735	9	13	20	17	16	18	17	 	 	20	78.31%	92	68	74	79.33	2.4
1111	8	16	18	18	16	11	17	15	4	20	83.73%	76	70	76	79.09	2.4
0608	10	16	18	18	15	16	16	19	 	20	89.16%	83	61	67	79.06	2.4
5641	10	16	18	19	16	17	12	15	3	20	86.14%	83	64	70	79.06	2.4
0995	8	16	18	18	18	11	17	17	5	20	86.14%	73	69	75	79.06	2.4
8850	9	16	19	20	18	19	15	17	5	20	92.17%	70	64	70	78.87	2.4
6049	9	15	20	19	16	19	17	15	1	20	90.36%	83	59	65	78.74	2.4
1984	9	15	17	13	14	15	19	19	 	20	84.94%	79	66	72	78.58	2.4
6048	9	14	19	17	19	19	17	16	1	20	90.36%	74	63	69	78.54	2.4
0712	8	15	17	15	16	18	20	16	2	20	87.35%	74	66	72	78.54	2.4
0206	9	16	20	18	18	14	18	19	1	20	91.57%	87	55	61	78.43	2.3
2008	8	14	17	16	12	15	17	17	5	20	81.93%	80	68	74	78.37	2.3
8398	6	15	18	16	17	14	14	20	 	20	84.34%	49	81	87	78.33	2.3
0062	9	15	12	17	19	20	20	17	3	20	89.76%	76	62	68	78.30	2.3
0590	8	16	16	18	19	13	18	16	5	20	86.75%	68	69	75	78.30	2.3
9868	10	16	19	19	19	20	20	18	1	20	96.99%	82	51	57	78.00	2.3
5114	9	16	17	18	17	10	17	16	4	20	84.34%	77	66	72	77.93	2.3
4362	9	15	14	19	19	17	16	19	2	20	89.16%	79	60	66	77.86	2.3
0534	10	16	20	20	19	19	19	19	5	20	97.59%	81	50	56	77.64	2.3
2485	7	16	20	16	17	18	20	19	2	20	92.17%	86	52	58	77.27	2.2
2084	9	14	17	10	10	12	18	15	5	15	72.29%	87	71	77	77.12	2.2
5492	9	16	18	19	18	15	14	15	1	20	86.75%	64	68	74	77.10	2.2
9318	7	15	18	19	19	16	20	18	 	20	91.57%	71	59	65	76.83	2.2
3036	9	15	19	18	18	18	18	16	 	20	90.96%	78	56	62	76.79	2.2
0601	9	16	19	18	19	11	20	18	5	20	90.36%	69	61	67	76.74	2.2
6998	9	16	18	17	17	13	16	17	4	20	86.14%	86	56	62	76.46	2.1
9077	7	16	20	15	17	16	18	18	 	20	88.55%	81	56	62	76.42	2.1
2069	8	15	15	17	17	16	17	17	2	20	85.54%	77	61	67	76.42	2.1
0767	9	16	20	20	14	15	10	17	 	20	84.94%	78	61	67	76.38	2.1
7220	10	16	17	15	17	15	5	16	4	20	78.92%	78	67	73	76.37	2.1
5745	10	12	19	19	18	19	19	19	3	20	93.37%	55	64	70	76.35	2.1
0869	9	15	20	18	17	19	11	19	3	20	89.16%	73	59	65	76.26	2.1
8176	8	15	15	17	13	0	15	17	 	20	72.29%	70	77	83	76.12	2.1
0106	9	15	19	17	17	14	12	20	4	20	86.14%	78	59	65	76.06	2.1
3055	10	16	15	9	11	7	11	16	5	20	69.28%	75	77	83	75.91	2.1
2553	9	16	19	18	20	18	6	18	5	20	86.75%	78	58	64	75.90	2.1
1916	9	15	 	17	17	19	19	17	2	20	80.12%	85	61	67	75.85	2.1
6091	8	15	17	16	13	15	19	19	1	20	85.54%	86	55	61	75.82	2.1
4531	4	14	13	16	10	10	15	19	5	20	72.89%	79	71	77	75.76	2.1
4388	 	13	15	16	15	16	16	18	2	12	72.89%	84	68	74	75.56	2.1
8363	9	16	20	20	19	18	18	19	-1	20	95.78%	76	49	55	75.51	2.1
0645	9	14	17	18	0	15	17	17	2	20	76.51%	82	64	70	75.00	2
4128	9	16	20	17	16	19	18	18	5	20	92.17%	68	55	61	74.87	2
1012	9	13	19	16	 	 	 	 	1	20	46.39%	91	89	95	74.75	2
1417	7	15	19	16	18	18	15	16	4	20	86.75%	77	55	61	74.50	1.9
1964	9	13	17	19	16	18	17	16	 	20	87.35%	71	57	63	74.34	1.9
0048	9	13	17	17	15	14	18	17	5	20	84.34%	85	53	59	74.33	1.9
8524	9	16	19	18	19	18	17	18	2	20	92.77%	58	58	64	74.31	1.9
0204	8	14	18	18	16	11	13	16	5	12	75.90%	80	63	69	73.96	1.9
1046	10	12	17	18	14	13	18	17	3	20	83.73%	80	55	61	73.89	1.9
0066	9	15	16	16	18	18	14	18	5	20	86.75%	85	49	55	73.70	1.9
4489	6	15	18	16	16	15	12	16	 	20	80.72%	67	64	70	73.69	1.9
1156	9	15	19	18	17	16	16	17	4	20	88.55%	79	50	56	73.62	1.9
1015	10	16	19	16	16	9	14	16	5	20	81.93%	68	62	68	73.57	1.9
0185	9	16	19	17	16	17	18	18	1	20	90.36%	75	50	56	73.54	1.9
9890	8	15	19	15	18	19	15	13	 	20	85.54%	72	56	62	73.42	1.8
0308	7	16	15	16	17	12	12	17	5	20	79.52%	76	60	66	73.41	1.8
9727	9	16	16	16	12	13	16	20	5	20	83.13%	68	60	66	73.25	1.8
1240	10	16	20	18	19	20	20	17	5	20	96.39%	61	50	56	73.15	1.8
8976	9	16	19	17	18	17	18	20	2	20	92.77%	64	52	58	73.11	1.8
3877	 	 	 	19	15	18	9	18	 	6	51.20%	95	78	84	73.08	1.8
1803	10	16	18	19	11	17	13	16	5	20	84.34%	68	58	64	72.93	1.8
2503	9	16	20	19	19	18	17	16	5	20	92.77%	65	51	57	72.91	1.8
2764	9	16	19	16	16	17	17	18	 	20	89.16%	67	53	59	72.66	1.8
1156	8	16	17	16	14	11	16	17	5	20	81.33%	77	55	61	72.33	1.7
1676	10	16	19	19	16	11	16	17	3	20	86.75%	70	53	59	72.30	1.7
7966	10	15	19	18	16	17	18	18	1	20	90.96%	66	50	56	71.99	1.7
7950	9	16	15	15	9	12	17	18	 	20	78.92%	72	59	65	71.97	1.7
6467	10	15	18	15	15	16	17	 	4	20	75.90%	82	57	63	71.96	1.7
1876	10	16	20	17	18	16	16	20	5	20	92.17%	63	50	56	71.87	1.7
4326	9	14	12	18	14	0	20	16	 	20	74.10%	71	64	70	71.84	1.7
5511	8	13	20	19	16	17	18	19	4	20	90.36%	72	47	53	71.74	1.7
8877	9	15	19	16	16	11	15	18	5	20	83.73%	79	50	56	71.69	1.7
1471	7	 	19	13	14	9	13	18	 	20	68.07%	86	62	68	71.63	1.7
2136	8	16	20	18	16	19	20	14	4	20	90.96%	76	44	50	71.59	1.7
0318	10	16	16	20	16	15	13	9	4	20	81.33%	75	54	60	71.53	1.7
4512	10	15	20	17	16	0	9	18	5	20	75.30%	81	57	63	71.52	1.7
8447	8	14	18	18	18	16	17	17	3	20	87.95%	77	46	52	71.38	1.6
0346	8	15	20	16	18	19	18	20	5	20	92.77%	65	47	53	71.31	1.6
5890	9	16	14	18	 	 	16	11	5	20	62.65%	93	63	69	71.26	1.6
2812	7	16	16	19	14	15	18	19	2	20	86.75%	84	43	49	71.10	1.6
2169	9	15	18	18	14	12	18	19	4	20	86.14%	75	48	54	71.06	1.6
8226	 	14	10	7	10	13	19	16	 	20	65.66%	67	72	78	70.87	1.6
8474	7	15	19	17	17	18	 	 	 	20	68.07%	80	63	69	70.83	1.6
6839	8	15	14	19	18	14	17	12	3	20	82.53%	79	49	55	70.81	1.6
2314	10	15	12	17	17	9	19	19	4	20	83.13%	74	50	56	70.45	1.5
4727	10	15	 	8	 	15	 	16	5	20	50.60%	75	82	88	70.44	1.5
0892	10	16	19	15	14	0	12	14	5	20	72.29%	83	56	62	70.32	1.5
1924	8	15	18	18	10	13	16	19	4	20	82.53%	76	49	55	70.21	1.5
2506	10	16	18	19	16	19	17	16	5	20	90.96%	61	48	54	70.19	1.5
6191	8	15	13	15	16	18	16	19	4	20	84.34%	58	56	62	70.13	1.5
9697	8	16	20	19	18	19	20	19	4	20	95.78%	57	45	51	70.11	1.5
1723	8	10	12	18	14	13	17	17	3	20	77.71%	71	56	62	70.08	1.5
9999	9	11	16	16	16	0	18	18	5	20	74.70%	75	57	63	70.08	1.5
5828	9	16	20	20	18	 	 	 	2	20	62.05%	88	63	69	70.02	1.5
1455	10	15	18	15	18	0	16	17	1	20	77.71%	81	50	56	69.68	1.5
7146	9	14	20	19	17	20	17	17	 	20	92.17%	68	41	47	69.27	1.4
4135	9	16	14	17	17	16	17	18	5	20	86.75%	64	48	54	69.10	1.4
5671	10	15	16	16	11	16	18	17	3	20	83.73%	74	46	52	69.09	1.4
7134	10	16	19	15	17	20	16	18	 	20	90.96%	63	44	50	68.99	1.4
1409	7	16	19	17	19	14	13	19	5	20	86.75%	66	46	52	68.70	1.4
0937	8	 	18	16	11	10	15	15	5	18	66.87%	77	60	66	68.55	1.4
1380	9	13	0	18	13	13	12	17	2	20	69.28%	73	59	65	68.31	1.3
2883	8	15	16	15	13	 	16	18	2	20	72.89%	71	56	62	68.16	1.3
1036	9	12	13	18	7	18	18	17	3	20	79.52%	87	41	47	68.01	1.3
1901	8	15	19	 	10	14	 	19	2	20	63.25%	81	60	66	67.90	1.3
6134	9	15	17	 	16	13	16	18	5	20	74.70%	80	49	55	67.88	1.3
1131	10	13	17	16	18	 	 	 	 	18	55.42%	100	58	64	67.77	1.3
7678	8	14	14	17	10	17	16	16	 	20	79.52%	79	43	49	67.21	1.2
9653	8	14	19	19	17	9	 	16	5	20	73.49%	85	46	52	67.20	1.2
7861	9	16	18	20	19	0	14	15	3	20	78.92%	80	43	49	67.17	1.2
1547	10	16	20	17	16	0	13	19	5	20	78.92%	64	51	57	67.17	1.2
2925	10	15	20	19	18	16	20	17	1	20	93.37%	57	40	46	67.15	1.2
0278	9	16	19	18	18	 	13	17	1	20	78.31%	71	48	54	67.13	1.2
3751	9	15	17	13	13	12	18	5	5	20	73.49%	78	49	55	67.00	1.2
6698	8	16	16	19	19	16	19	12	5	20	87.35%	72	38	44	66.94	1.2
5904	8	15	16	16	16	 	 	12	5	15	59.04%	88	58	64	66.81	1.2
9849	9	11	18	17	16	15	15	16	5	20	82.53%	55	51	57	66.81	1.2
8229	9	16	15	12	17	 	11	17	5	20	70.48%	83	49	55	66.79	1.2
0144	10	15	 	18	14	 	 	 	 	20	46.39%	83	73	79	66.75	1.2
0047	9	15	16	14	14	12	18	18	2	20	81.93%	53	51	57	66.17	1.1
1845	9	16	15	15	16	19	20	 	5	20	78.31%	72	45	51	66.13	1.1
9490	10	16	18	20	14	20	20	20	2	20	95.18%	58	34	40	65.67	1.1
9782	9	16	7	10	 	12	11	14	 	20	59.64%	70	62	68	65.06	1
3716	7	6	19	19	14	13	18	17	3	20	80.12%	61	46	52	65.05	1
3527	9	16	20	16	17	 	12	18	1	20	77.11%	74	42	48	64.84	1
3952	8	14	11	12	15	4	 	 	1	20	50.60%	85	63	69	64.84	1
6036	8	15	20	14	 	12	7	16	5	20	67.47%	69	54	60	64.79	1
1225	9	13	20	19	14	16	4	16	4	20	78.92%	67	43	49	64.57	1
9723	10	15	19	18	13	10	15	11	5	20	78.92%	68	42	48	64.37	0.9
5932	6	13	17	18	18	15	17	16	5	20	84.34%	69	36	42	64.33	0.9
1272	10	15	15	10	15	12	17	17	 	20	78.92%	57	45	51	63.37	0.8
0817	9	 	17	15	18	15	6	 	4	20	60.24%	73	55	61	63.10	0.8
7871	9	15	17	18	17	0	16	19	5	20	78.92%	63	40	46	62.57	0.8
0173	9	16	20	19	17	 	17	16	5	20	80.72%	55	42	48	62.49	0.7
4448	9	15	19	20	17	 	 	 	 	12	55.42%	75	57	63	62.37	0.7
0629	9	15	19	18	15	0	18	19	5	20	80.12%	71	32	38	61.45	0.7
0089	6	16	18	18	8	20	8	14	 	20	77.11%	55	43	49	61.44	0.7
9135	10	15	18	19	19	 	 	17	2	20	71.08%	71	41	47	61.43	0.7
7687	8	15	17	17	16	15	17	18	3	12	81.33%	65	33	39	61.13	0.7
5813	10	14	9	14	13	17	12	12	3	20	72.89%	52	47	53	60.76	0.7
0237	8	15	18	19	17	17	 	16	5	20	78.31%	51	42	48	60.73	0.7
1480	8	15	20	16	17	15	 	17	5	20	77.11%	69	34	40	60.64	0.7
4189	9	16	16	14	16	0	8	15	 	20	68.67%	70	41	47	60.27	0.7
0831	9	15	20	17	 	 	 	 	 	20	48.80%	80	55	61	59.92	0.7
0006	9	15	19	17	18	17	20	19	1	20	92.77%	58	21	27	59.51	0.7
8252	9	14	17	15	13	18	 	18	5	20	74.70%	67	34	40	59.28	0.7
9340	8	15	9	11	5	10	3	 	5	20	48.80%	74	56	62	59.12	0.7
4454	9	15	19	18	16	 	 	 	2	9	51.81%	77	51	57	58.92	0.7
4920	8	11	20	19	19	0	16	17	5	20	78.31%	50	37	43	58.53	0.7
1374	7	15	18	17	17	15	 	18	1	20	76.51%	66	29	35	57.80	0.7
2167	10	16	0	18	15	 	 	15	3	20	56.63%	81	39	45	56.85	0.7
1892	9	11	13	10	18	13	 	16	4	20	66.27%	65	36	42	56.31	0
8727	9	15	14	 	6	0	0	 	5	20	38.55%	74	59	65	56.22	0
6033	9	15	13	13	14	17	 	 	3	20	60.84%	73	37	43	56.14	0
5141	9	13	 	13	 	15	14	19	4	20	62.05%	63	40	46	55.82	0
2587	9	13	13	17	12	 	 	 	5	20	50.60%	74	43	49	54.64	0
6084	8	13	14	17	0	12	15	19	5	20	71.08%	65	27	33	54.63	0
2607	7	10	16	13	15	9	17	20	1	20	76.51%	78	15	21	54.60	0
8203	7	15	18	18	16	 	3	 	2	20	58.43%	62	40	46	54.17	0
9340	9	13	17	 	14	5	7	14	5	18	58.43%	72	34	40	53.77	0
0218	6	14	16	13	13	5	3	17	5	20	64.46%	47	38	44	52.78	0
0882	8	0	19	16	18	15	18	15	5	0	65.66%	 	60	66	52.67	0.7
1007	8	13	11	14	0	0	8	10	5	20	50.60%	74	38	44	52.64	0
7751	5	14	10	11	10	8	6	13	3	20	58.43%	54	40	46	52.57	0
4654	8	9	20	9	8	0	 	11	3	20	51.20%	65	40	46	51.88	0
8714	9	14	17	 	 	11	 	 	 	18	41.57%	84	40	46	51.83	0
7637	9	13	13	17	15	9	4	 	3	20	60.24%	56	31	37	50.10	0
3543	10	14	18	18	 	 	11	 	5	18	53.61%	58	35	41	49.45	0
6720	3	5	18	16	16	10	0	16	5	20	62.65%	49	30	36	49.26	0
8179	 	 	 	 	16	17	19	20	1	15	52.41%	55	36	42	48.76	0
2989	5	15	17	17	17	0	15	14	5	20	72.29%	59	14	20	48.72	0
3854	9	11	0	0	13	3	 	15	5	20	42.77%	64	41	47	48.71	0
4116	8	15	15	14	 	5	4	 	5	18	47.59%	67	34	40	48.44	0
4694	9	15	17	 	15	 	 	 	 	18	44.58%	75	33	39	48.43	0
1212	9	15	20	17	13	 	 	 	3	6	48.19%	62	35	41	48.08	0
5621	8	14	18	13	14	0	 	 	1	20	52.41%	44	39	45	47.76	0
5164	6	8	17	17	 	8	8	10	5	20	56.63%	42	33	39	46.65	0
9507	9	16	19	18	15	 	 	 	5	20	58.43%	67	17	23	45.97	0
7124	9	16	19	19	19	16	 	 	2	12	66.27%	97	 	 	45.91	0
0505	8	 	16	4	5	1	0	 	5	20	32.53%	76	37	43	45.41	0
0320	9	15	20	19	13	 	 	 	5	20	57.83%	54	22	28	45.13	0
5999	10	14	 	 	0	 	 	3	 	20	28.31%	71	43	49	45.13	0
6956	8	14	14	17	14	 	 	20	 	20	64.46%	32	26	32	44.98	0
1608	9	15	 	 	14	 	 	10	5	18	39.76%	71	31	37	44.90	0
2614	10	15	20	0	 	 	 	17	3	20	49.40%	53	29	35	44.36	0
8303	9	15	18	17	15	8	12	 	2	20	68.67%	57	6	12	43.67	0
1635	6	15	19	14	13	10	 	 	5	20	58.43%	50	17	23	42.57	0
8857	10	14	12	14	8	8	 	 	4	20	51.81%	39	28	34	42.12	0
2221	8	10	19	 	13	 	 	15	 	20	51.20%	57	17	23	41.08	0
3912	8	15	 	9	7	 	0	7	5	20	39.76%	55	25	31	39.30	0
2560	10	11	16	9	8	 	 	 	5	3	34.34%	54	29	35	38.53	0
6296	7	16	17	16	18	8	 	 	4	9	54.82%	75	 	 	36.93	0
2796	10	16	20	14	12	 	 	 	5	18	54.22%	56	4	10	36.89	0
9903	8	 	 	5	13	15	 	16	5	6	37.95%	35	28	34	35.78	0
0055	9	16	18	15	15	5	 	 	5	12	54.22%	70	 	 	35.69	0
9668	9	16	 	 	 	 	 	 	 	18	25.90%	46	34	40	35.56	0
0421	10	15	19	9	14	 	 	 	1	20	52.41%	71	 	 	35.16	0
9863	6	15	16	 	 	 	 	 	 	0	22.29%	59	30	36	35.12	0
2888	8	15	18	18	8	6	 	 	2	20	56.02%	63	 	 	35.01	0
1356	9	 	 	 	 	16	 	 	 	6	18.67%	66	28	34	34.27	0
1065	9	10	6	18	19	4	 	 	4	20	51.81%	63	 	 	33.32	0
7425	9	15	 	 	 	 	 	 	3	20	26.51%	75	13	19	33.20	0
1749	 	14	 	18	 	0	 	17	3	20	41.57%	27	18	24	31.63	0
0213	10	15	14	 	18	 	 	 	5	15	43.37%	71	 	 	31.55	0
1247	9	15	0	0	 	 	 	 	2	20	26.51%	46	22	28	31.00	0
1953	8	 	19	7	3	 	 	 	5	20	34.34%	61	5	11	30.33	0
7510	8	13	18	 	4	 	 	 	2	20	37.95%	72	 	 	29.58	0
6979	10	15	17	19	 	18	 	 	 	20	59.64%	24	 	 	28.66	0
1662	8	16	0	14	13	 	 	 	5	20	42.77%	55	 	 	28.11	0
0780	7	14	19	16	 	 	 	 	 	20	45.78%	41	 	 	26.51	0
0694	8	15	10	 	 	 	 	 	 	20	31.93%	67	 	 	26.17	0
3575	9	13	 	 	 	 	 	 	 	20	25.30%	79	 	 	25.92	0
9955	6	15	10	13	9	 	 	 	3	0	31.93%	60	 	 	24.77	0
0939	5	 	18	14	 	 	 	 	 	18	33.13%	54	 	 	24.05	0
1682	 	 	 	 	 	 	 	 	 	0	0.00%	66	17	23	22.40	0
2506	9	14	10	9	 	4	 	 	5	20	39.76%	29	 	 	21.70	0
9979	10	15	 	12	 	 	 	 	4	12	29.52%	41	 	 	20.01	0
2399	 	 	 	 	 	 	 	 	 	18	10.84%	44	6	12	17.94	0
4071	6	 	 	3	 	 	 	 	2	15	14.46%	42	3	9	17.78	0
1842	6	 	 	 	 	 	 	 	 	20	15.66%	55	 	 	17.27	0
1190	8	4	6	15	 	 	 	 	 	12	27.11%	 	 	 	10.84	0
8915	9	 	 	 	 	 	 	 	 	0	5.42%	38	 	 	9.77	0
0520	7	9	8	 	 	 	 	 	2	15	23.49%	 	 	 	9.40	0
7307	6	9	 	 	 	 	 	 	3	15	18.07%	 	 	 	7.23	0
5263	10	 	 	 	 	 	 	 	 	18	16.87%	 	 	 	6.75	0
2502	6	 	 	 	 	 	 	 	 	12	10.84%	9	 	 	6.14	0
0297	 	 	 	 	 	 	 	 	 	20	12.05%	 	 	 	4.82	0
9595	 	 	 	 	 	 	 	 	 	18	10.84%	 	 	 	4.34	0
8201	9	 	 	 	 	 	 	 	 	9	10.84%	 	 	 	4.34	0
4697	 	 	 	 	 	 	 	 	 	12	7.23%	 	 	 	2.89	0
9816	 	 	 	 	 	 	 	 	 	0	0.00%	 	 	 	0.00	0
4821	 	 	 	 	 	 	 	 	 	0	0.00%	 	 	 	0.00	0

mean	8.9	15.0	17.8	17.4	16.4	15.8	17.0	17.7	3.2	19.3	80.95%	79.5	68.1	74.1	76.0	2.4
median	9	15	19	18	17	17	18	18	3	20	88.55%	82	74	80	82.8	2.8
