
code	assign1	assign2	assign3	assign4	bonus4	assign5	assign6	assign7	assign8	bonus8	Late_Days	explore	weekly %	midterm	final	total	grade
70	12	16	16	16	 	18	12	3	5	 	2	0.00	57.6%	73	48	56.86	1.0
70	20	16	13	7	 	 	 	 	 	 	 	0.50	33.0%	 	 	13.22	0.0
111	19	18	17	18	 	19	16	17	29	 	3	0.00	90.0%	82	93	89.60	3.6
134	19	17	19	17	1	18	14	18	29	 	5	0.00	89.4%	84	77	83.36	3.1
164	13	15	16	20	 	19	15	15	24	 	3	0.00	80.6%	73	66	73.24	2.3
279	17	16	17	17	 	20	16	17	26	 	 	0.00	85.9%	90	88	87.55	3.5
281	16	14	17	17	 	16	19	16	23	 	3	0.00	81.2%	91	70	78.67	2.7
316	17	17	19	16	 	18	12	12	27	 	1	0.00	81.2%	91	74	80.27	2.9
316	15	 	17	 	 	 	 	 	 	 	5	0.00	18.8%	 	 	7.53	0.0
350	18	19	16	20	 	17	17	17	26	 	4	0.00	88.2%	64	77	78.89	2.8
354	 	 	8	16	 	10	 	 	 	 	 	0.00	20.0%	57	18	26.60	0.0
377	19	18	18	20	 	20	16	20	30	 	5	0.50	94.8%	94	97	95.52	4.0
431	16	17	20	18	 	18	19	20	26	 	4	6.00	91.8%	85	76	84.11	3.2
496	19	15	17	 	 	0	 	 	 	 	1	0.00	30.0%	 	 	12.00	0.0
523	17	16	16	18	 	18	19	18	30	 	2	0.00	89.4%	80	78	82.96	3.1
606	16	15	19	18	 	18	17	20	30	 	3	0.00	90.0%	81	96	90.60	3.7
607	18	16	17	17	1	16	15	16	28	 	1	0.50	84.8%	91	95	90.12	3.7
639	18	18	16	17	 	14	9	8	 	 	5	0.00	58.8%	58	31	47.53	0.0
670	19	15	12	17	 	19	16	11	28	 	5	2.00	81.0%	84	80	81.19	2.9
714	19	16	17	18	 	16	11	18	25	 	2	0.00	82.4%	87	65	76.34	2.5
746	19	17	17	20	 	19	18	14	24	 	1	0.00	87.1%	84	72	80.42	2.9
750	18	18	16	17	 	18	14	9	27	 	1	0.00	80.6%	81	74	78.04	2.7
757	19	19	20	20	1	19	17	20	27	 	1	2.00	95.7%	97	99	97.27	4.0
767	19	16	20	17	 	19	19	19	28	 	4	0.00	92.4%	90	87	89.74	3.6
790	17	17	16	16	 	16	17	18	27	 	5	0.00	84.7%	64	59	70.28	2.1
803	18	17	19	18	1	18	15	19	29	 	4	0.00	90.6%	88	91	90.24	3.7
809	18	 	 	1	 	 	 	 	 	 	5	0.00	11.2%	53	 	15.07	0.0
812	16	18	18	17	 	15	17	15	26	 	3	0.00	83.5%	76	55	70.61	2.1
817	18	18	16	18	 	16	18	17	28	 	5	0.00	87.6%	78	77	81.46	3.0
826	15	16	17	15	 	16	17	17	26	 	3	0.50	81.9%	87	74	79.75	2.8
840	15	16	17	17	 	16	18	16	23	 	0	0.00	81.2%	84	89	84.87	3.2
843	17	 	 	 	 	 	 	 	 	 	 	0.00	10.0%	 	 	4.00	0.0
847	20	18	17	20	2	20	20	18	30	2	1	0.50	98.3%	85	92	93.13	3.9
858	18	18	14	16	 	16	16	6	23	 	5	1.50	75.0%	65	52	63.80	1.5
902	18	19	20	19	1	17	15	20	29	 	3	0.00	92.9%	80	85	87.18	3.4
957	16	17	18	19	 	17	15	17	26	 	1	0.00	85.3%	86	95	89.32	3.6
1029	20	16	8	4	 	5	 	 	 	 	5	0.50	31.3%	93	 	31.11	0.0
1049	16	15	18	16	 	15	14	17	24	 	4	0.00	79.4%	80	69	75.36	2.5
1056	17	18	19	16	 	14	14	17	26	 	 	0.00	82.9%	87	88	85.78	3.3
1095	17	16	18	16	1	16	16	17	18	 	5	0.00	79.4%	83	84	81.96	3.0
1112	19	19	16	19	1	20	19	19	28	 	2	0.00	94.1%	93	89	91.85	3.8
1134	18	17	18	17	1	20	13	20	28	 	3	0.00	89.4%	86	86	87.36	3.4
1181	13	19	20	11	 	18	16	19	26	 	2	0.00	83.5%	78	69	76.61	2.6
1193	19	16	18	17	 	19	16	19	22	 	5	0.50	86.0%	88	66	78.39	2.7
1212	18	16	17	18	 	16	17	17	25	 	5	2.00	85.1%	55	83	78.24	2.7
1292	16	15	17	16	 	16	13	9	23	 	2	0.00	73.5%	77	55	66.81	1.8
1305	8	14	14	13	 	12	9	11	27	 	5	0.00	63.5%	69	63	64.41	1.6
1317	19	16	16	18	 	17	15	15	28	 	2	0.50	84.8%	83	66	76.92	2.6
1337	15	16	18	15	 	18	19	18	24	 	 	0.00	84.1%	85	72	79.45	2.8
1374	17	15	15	16	 	18	14	18	28	 	 	0.00	82.9%	83	73	78.98	2.8
1396	18	18	18	18	2	20	18	19	25	2	 	2.50	93.4%	85	80	86.37	3.4
1397	16	17	18	17	 	15	17	15	27	 	1	1.50	83.8%	96	88	87.93	3.5
1418	16	15	16	16	0	20	18	19	28	 	2	3.00	87.6%	96	76	84.66	3.2
1506	12	10	8	8	 	2	16	15	24	 	5	0.00	55.9%	61	37	49.35	0.0
1517	18	14	19	5	 	14	13	7	24	 	5	0.00	67.1%	64	67	66.42	1.7
1523	17	17	19	20	 	20	15	19	24	 	 	0.00	88.8%	63	81	80.53	2.9
1548	16	15	18	18	 	17	18	18	26	 	 	0.00	85.9%	75	80	81.35	3.0
1553	19	17	9	20	 	16	15	18	25	 	2	0.00	81.8%	84	71	77.91	2.7
1584	 	12	16	19	 	18	19	14	26	 	5	0.00	72.9%	60	54	62.78	1.4
1617	17	19	19	18	1	17	12	19	27	 	 	4.00	88.4%	82	91	88.17	3.5
1699	16	16	15	16	 	15	19	16	28	 	 	0.00	82.9%	71	55	69.38	2.0
1733	19	17	18	20	 	17	17	19	25	 	3	0.00	89.4%	98	75	85.36	3.3
1756	20	17	15	13	 	16	16	13	23	 	 	0.00	78.2%	71	64	71.09	2.1
1764	18	16	16	16	1	18	15	15	5	 	5	0.00	70.6%	51	65	64.44	1.6
1788	18	17	18	17	0	19	16	19	26	 	4	0.00	88.2%	99	90	91.09	3.7
1791	13	15	14	11	 	7	2	5	18	 	5	0.00	50.0%	76	75	65.20	1.6
1807	17	17	12	15	0	17	12	10	27	 	5	0.00	74.7%	64	85	76.68	2.6
1851	20	19	19	20	1	17	17	20	29	2	4	7.00	97.8%	92	87	92.34	3.8
1851	17	17	15	16	1	15	14	16	28	 	4	0.00	81.8%	76	74	77.51	2.6
1855	16	16	17	15	 	18	14	17	16	 	1	0.00	75.9%	94	95	87.15	3.4
1865	19	16	14	16	0	16	16	16	20	 	2	0.00	78.2%	85	72	77.09	2.6
1904	16	14	4	15	 	8	8	13	24	 	5	0.00	60.0%	66	63	62.40	1.4
1919	18	15	17	17	 	20	15	19	29	 	1	0.00	88.2%	88	74	82.49	3.0
1929	13	1	13	0	 	5	0	5	9	 	5	0.00	27.1%	77	39	41.82	0.0
1946	0	10	7	1	 	5	 	 	 	 	2	0.00	13.5%	31	7	14.41	0.0
1986	16	15	13	18	 	18	15	18	29	 	5	0.00	83.5%	 	47	52.21	0.0
2054	16	16	15	17	 	16	10	9	14	 	3	0.00	66.5%	93	85	79.19	2.8
2061	17	17	17	17	 	19	18	17	29	 	5	0.50	88.9%	75	78	81.77	3.0
2088	19	18	19	17	 	17	16	19	28	 	5	3.50	90.7%	93	89	90.47	3.7
2110	17	17	17	12	 	18	19	19	28	 	3	0.00	86.5%	74	83	82.59	3.1
2116	16	16	17	15	 	20	15	16	28	 	5	0.00	84.1%	90	88	86.85	3.4
2157	18	18	16	19	1	18	18	20	29	 	5	0.50	92.5%	65	61	74.38	2.4
2164	18	17	15	19	1	20	18	18	28	2	3	6.00	92.9%	87	91	90.98	3.7
2164	18	18	19	17	 	13	11	20	18	 	5	0.00	78.8%	69	84	78.93	2.8
2180	18	16	16	15	 	15	17	13	29	 	2	0.00	81.8%	53	53	64.51	1.6
2194	17	18	16	19	 	18	15	18	25	 	 	0.00	85.9%	99	90	90.15	3.7
2196	20	19	20	17	 	19	19	19	22	 	5	0.00	91.2%	69	48	69.47	2.0
2198	19	18	17	13	 	18	15	17	27	 	4	6.00	85.9%	72	73	77.95	2.7
2201	18	18	20	19	1	18	18	19	29	 	5	3.00	94.7%	92	97	95.08	4.0
2223	15	16	6	15	 	5	17	14	24	 	5	0.50	66.0%	63	33	52.19	0.0
2230	19	16	15	17	 	15	18	12	18	 	5	0.00	76.5%	89	88	83.59	3.1
2240	15	16	17	18	 	16	0	16	27	 	5	0.00	73.5%	66	78	73.81	2.3
2261	15	17	8	15	 	19	11	16	26	 	5	0.00	74.7%	66	51	63.48	1.5
2264	18	17	16	18	0	14	13	13	25	 	5	2.00	79.2%	88	53	70.49	2.1
2273	15	16	14	20	 	17	17	16	26	 	4	0.00	82.9%	78	70	76.78	2.6
2288	16	12	14	10	 	11	8	20	13	 	5	0.00	61.2%	57	70	63.87	1.5
2330	17	13	15	16	 	18	17	18	26	 	 	0.00	82.4%	92	93	88.54	3.5
2336	16	15	12	18	 	15	12	12	25	 	4	0.00	73.5%	67	57	65.61	1.7
2387	18	19	16	15	 	17	5	9	25	 	5	0.00	72.9%	82	62	70.38	2.1
2394	17	19	19	15	 	19	17	17	28	 	 	0.00	88.8%	91	95	91.73	3.8
2418	17	12	16	16	 	18	14	18	28	 	2	0.00	81.8%	80	76	79.11	2.8
2431	14	15	 	1	 	 	 	 	 	 	5	0.00	17.6%	29	 	12.86	0.0
2445	18	16	16	17	1	18	16	18	19	 	3	0.50	81.9%	87	74	79.75	2.8
2522	14	16	14	11	 	10	17	13	27	 	5	0.00	71.8%	69	41	58.91	1.1
2530	18	18	17	20	 	20	20	18	28	 	5	0.00	93.5%	85	82	87.21	3.4
2573	17	18	19	20	1	19	16	20	30	 	4	0.00	94.1%	77	96	91.45	3.7
2587	17	18	16	15	 	19	11	17	29	 	3	2.50	84.0%	81	56	72.21	2.2
2594	18	17	19	2	 	19	14	14	17	 	5	0.00	70.6%	78	64	69.44	2.0
2622	18	16	17	19	0	20	17	20	29	2	2	4.00	93.7%	100	96	95.89	4.0
2624	20	18	19	18	1	20	18	20	 	 	 	4.50	79.7%	100	97	90.68	3.7
2625	17	15	18	18	 	20	16	18	29	 	4	0.00	88.8%	89	81	85.73	3.3
2627	16	17	19	17	 	18	14	13	25	 	5	0.00	81.8%	91	75	80.91	2.9
2628	19	15	18	19	 	17	18	19	25	 	5	0.00	88.2%	83	70	79.89	2.8
2654	17	16	16	14	0	15	16	19	30	 	 	2.00	84.5%	78	97	88.20	3.5
2656	18	14	16	17	 	14	18	18	28	 	1	0.00	84.1%	92	81	84.45	3.2
2666	10	15	17	12	 	15	13	11	11	 	1	0.00	61.2%	51	54	56.27	0.9
2683	18	16	18	17	 	20	16	20	27	 	 	0.50	89.5%	73	86	84.80	3.2
2687	17	20	16	16	2	16	17	16	23	 	5	0.00	84.1%	58	55	67.25	1.8
2698	17	17	15	18	1	19	17	16	27	 	4	0.00	86.5%	91	84	86.39	3.4
2730	18	18	18	19	2	20	20	19	24	2	1	7.00	95.5%	97	94	95.20	4.0
2744	16	16	17	16	 	14	17	20	29	 	3	0.00	85.3%	88	84	85.32	3.3
2841	18	18	17	18	 	20	18	18	29	 	2	1.50	92.1%	96	95	94.02	3.9
2894	16	17	18	17	 	13	9	19	5	 	4	0.00	67.1%	69	60	64.62	1.6
2938	15	17	12	16	 	14	16	18	27	 	5	0.00	79.4%	72	69	73.76	2.3
2947	19	17	16	19	 	17	17	17	28	 	5	0.00	88.2%	82	65	77.69	2.7
2960	20	14	18	15	2	19	19	16	30	2	4	1.00	91.4%	90	85	88.55	3.5
2972	19	17	20	17	 	18	10	20	27	 	3	0.00	87.1%	54	56	68.02	1.9
2988	16	15	13	11	 	4	 	9	4	 	5	0.00	42.4%	73	43	48.74	0.0
3000	17	18	15	19	 	17	18	20	29	 	5	0.00	90.0%	76	81	83.60	3.1
3018	14	 	10	1	 	 	 	9	 	 	5	0.00	20.0%	31	7	17.00	0.0
3053	16	17	18	18	 	19	17	16	27	 	4	0.00	87.1%	69	61	73.02	2.3
3060	13	15	13	10	 	18	11	18	8	 	5	0.00	62.4%	85	74	71.54	2.2
3077	19	16	17	17	 	15	15	17	26	 	2	0.50	83.6%	73	74	77.65	2.7
3078	17	19	16	17	 	14	15	16	18	 	3	0.00	77.6%	68	76	75.06	2.4
3081	20	16	18	14	 	17	 	 	 	 	5	0.00	50.0%	41	29	39.80	0.0
3093	17	17	18	18	 	19	19	17	24	 	1	0.00	87.6%	82	80	83.46	3.1
3170	19	19	19	17	1	16	18	19	28	 	5	0.00	91.8%	84	101	93.91	3.9
3232	16	17	17	18	 	18	18	20	27	 	 	0.00	88.8%	96	85	88.73	3.5
3255	17	20	16	18	0	18	17	19	30	 	1	0.00	91.2%	86	82	86.47	3.4
3297	19	17	19	18	1	20	16	20	27	 	1	0.00	92.4%	94	79	87.34	3.4
3324	17	17	14	13	 	18	14	14	23	 	5	0.00	76.5%	80	73	75.79	2.5
3345	16	18	20	15	 	19	14	18	27	 	1	0.00	86.5%	86	76	82.19	3.0
3429	18	17	18	19	 	19	17	18	29	 	5	1.00	91.4%	70	91	86.95	3.4
3431	16	 	 	15	 	9	18	 	 	 	5	0.50	34.2%	61	 	25.89	0.0
3437	18	15	18	18	 	19	15	19	28	 	3	0.50	88.3%	93	91	90.33	3.7
3468	15	18	18	17	1	19	15	19	28	2	2	1.00	89.6%	89	83	86.84	3.4
3475	16	16	15	13	 	15	17	7	18	 	1	0.00	68.8%	84	89	79.93	2.8
3487	19	18	19	18	1	19	19	20	30	 	4	4.00	96.7%	98	89	93.87	3.9
3502	16	11	15	12	 	11	11	14	15	 	5	0.00	61.8%	78	36	54.71	0.8
3510	19	18	20	19	0	19	16	19	28	 	4	0.00	92.9%	85	87	88.98	3.6
3587	19	18	19	19	1	17	15	20	29	 	4	0.00	92.4%	98	87	91.34	3.7
3589	5	12	18	9	 	10	8	5	20	 	5	0.00	51.2%	47	42	46.67	0.0
3604	17	17	8	13	 	19	15	15	25	 	5	0.00	75.9%	70	68	71.55	2.2
3616	17	18	16	18	 	17	15	18	27	 	3	0.00	85.9%	79	70	78.15	2.7
3621	14	18	16	18	 	17	16	17	26	 	1	1.50	83.8%	69	72	76.13	2.5
3629	20	18	18	20	1	17	18	20	28	2	1	0.00	95.3%	100	93	95.32	4.0
3642	19	16	14	18	 	17	15	19	26	 	5	0.00	84.7%	79	58	72.88	2.3
3672	15	 	15	 	 	19	17	 	 	 	3	0.50	38.9%	66	 	28.77	0.0
3697	18	19	19	19	 	18	19	19	28	 	2	0.00	93.5%	97	89	92.41	3.8
3701	20	19	17	18	 	19	18	12	26	 	1	0.00	87.6%	86	81	84.66	3.2
3704	18	14	18	19	 	18	16	19	29	 	 	0.00	88.8%	95	90	90.53	3.7
3727	18	18	18	18	 	16	16	16	28	 	5	0.00	87.1%	97	88	89.42	3.6
3728	19	16	16	12	1	19	17	14	29	 	5	2.00	84.5%	94	59	76.20	2.5
3744	4	12	7	7	 	4	2	10	5	 	4	0.00	30.0%	72	60	50.40	0.0
3751	18	16	 	 	 	 	 	 	 	 	2	2.50	20.5%	56	4	21.00	0.0
3763	17	14	13	14	 	5	5	4	6	 	5	0.00	45.9%	66	51	51.95	0.0
3853	17	17	16	17	1	17	18	19	28	 	4	0.00	88.2%	67	90	84.69	3.2
3862	19	19	18	18	 	17	13	12	11	 	5	0.50	74.8%	65	66	69.32	2.0
3869	19	16	17	18	 	14	16	15	27	 	5	0.00	83.5%	69	52	68.01	1.9
3890	18	14	14	9	 	13	17	16	22	 	5	0.50	72.5%	81	85	79.18	2.8
3897	17	15	16	8	 	16	13	17	8	 	3	0.00	64.7%	53	59	60.08	1.2
3976	18	17	19	18	1	15	19	18	29	2	2	0.00	91.8%	86	89	89.51	3.6
4006	16	16	14	17	 	14	17	17	23	 	5	0.50	78.9%	65	69	72.17	2.2
4095	18	20	19	18	2	16	18	20	28	 	4	6.50	94.8%	92	97	95.12	4.0
4119	16	18	17	20	0	16	19	20	28	 	2	0.00	90.6%	95	99	94.84	4.0
4141	16	15	18	17	 	14	7	17	13	 	5	0.00	68.8%	82	72	72.73	2.3
4157	18	20	19	19	1	17	17	17	30	 	5	1.00	93.1%	98	81	89.25	3.6
4162	16	18	16	18	 	15	14	15	24	 	4	0.00	80.0%	81	67	75.00	2.4
4235	19	18	19	17	1	17	17	17	25	 	4	0.00	88.2%	81	80	83.49	3.1
4243	17	18	16	17	 	18	17	19	26	 	1	0.00	87.1%	95	84	87.42	3.4
4247	18	16	18	19	 	15	17	19	28	 	4	3.50	88.9%	94	100	94.37	3.9
4254	16	14	12	17	 	16	14	9	24	 	4	0.00	71.8%	96	74	77.51	2.6
4258	 	 	 	 	 	 	 	 	 	 	 	0.00	0.0%	 	 	0.00	0.0
4279	14	14	18	16	 	18	14	14	28	1	5	0.00	80.6%	89	99	89.64	3.6
4285	15	17	16	15	 	19	16	18	26	 	5	0.00	83.5%	68	59	70.61	2.1
4288	17	17	16	16	 	18	18	20	30	 	2	0.00	89.4%	99	79	87.16	3.4
4290	14	17	17	18	 	19	15	15	21	 	 	0.00	80.0%	84	73	78.00	2.7
4309	17	16	17	17	 	14	17	16	24	 	4	0.00	81.2%	88	81	82.47	3.0
4315	14	17	15	15	 	14	11	7	4	 	5	0.00	57.1%	61	42	51.82	0.0
4322	19	19	19	20	 	19	20	20	29	 	 	0.00	97.1%	96	97	96.82	4.0
4355	18	14	18	13	1	17	16	18	26	 	1	3.50	83.6%	94	96	90.65	3.7
4364	15	15	12	18	 	 	 	 	 	 	3	0.00	35.3%	 	 	14.12	0.0
4430	18	18	15	18	 	17	17	19	29	 	 	0.00	88.8%	99	93	92.53	3.8
4454	17	16	10	18	 	18	14	16	28	 	2	0.00	80.6%	93	78	82.04	3.0
4467	12	14	15	14	 	14	16	14	25	 	5	0.00	72.9%	67	59	66.18	1.7
4486	19	17	19	18	0	19	18	19	27	 	4	1.50	92.1%	79	76	83.02	3.1
4488	19	15	19	18	1	20	20	17	29	2	2	4.50	95.0%	89	80	87.80	3.5
4514	18	18	20	18	 	12	16	16	27	 	5	0.50	85.4%	69	53	69.16	2.0
4643	19	17	18	19	1	20	19	19	28	 	 	4.00	94.9%	94	93	93.96	3.9
4689	17	15	15	15	 	15	11	 	 	 	4	1.00	52.0%	48	 	30.38	0.0
4706	16	16	16	18	 	17	12	13	28	 	5	1.00	80.2%	70	86	80.48	2.9
4740	19	18	19	19	1	19	15	16	28	 	 	0.00	90.6%	88	91	90.24	3.7
4755	14	16	15	13	 	9	13	 	4	 	5	0.00	49.4%	72	35	48.16	0.0
4756	13	15	6	19	 	17	16	3	26	 	5	0.00	67.6%	79	67	69.66	2.0
4760	17	19	20	19	 	19	16	19	30	 	1	0.00	93.5%	72	75	81.81	3.0
4765	19	18	16	19	0	17	14	18	29	 	 	6.50	89.5%	92	93	91.40	3.7
4768	10	10	10	2	 	8	9	6	23	 	5	0.00	45.9%	77	53	54.95	0.8
4772	19	17	16	17	1	17	14	18	28	 	3	0.00	86.5%	97	95	91.99	3.8
4792	15	15	19	18	 	15	16	12	27	 	5	0.00	80.6%	64	67	71.84	2.2
4819	19	20	19	20	0	20	17	20	30	 	4	0.50	97.2%	94	87	92.46	3.8
4881	18	15	18	17	 	17	19	17	26	 	3	0.00	86.5%	94	96	91.79	3.8
4887	16	17	18	17	 	17	14	14	29	 	3	0.00	83.5%	83	96	88.41	3.5
4888	20	17	17	17	 	19	15	17	27	 	2	0.00	87.6%	78	77	81.46	3.0
4890	17	16	15	15	 	15	15	8	21	 	5	0.00	71.8%	74	74	73.11	2.3
4912	19	18	18	19	2	19	20	20	28	 	 	0.00	95.9%	93	99	96.55	4.0
4913	12	15	15	 	 	16	16	14	26	 	3	0.00	67.1%	49	64	62.22	1.4
4915	20	18	18	17	 	17	13	15	27	 	5	4.00	86.1%	90	75	82.43	3.0
4916	17	17	19	20	1	19	16	13	27	 	4	0.00	87.6%	90	87	87.86	3.5
4934	1	8	13	2	 	 	 	 	 	 	5	0.00	14.1%	78	12	26.05	0.0
4936	19	18	18	17	 	19	13	19	29	 	2	1.50	89.7%	89	83	86.88	3.4
4943	16	16	13	19	 	17	16	18	28	 	4	0.00	84.1%	98	92	90.05	3.7
4965	17	17	18	16	 	17	15	17	26	 	5	0.50	84.2%	75	71	77.09	2.6
5022	15	17	16	17	 	17	13	16	28	 	4	0.00	81.8%	71	79	78.51	2.7
5026	18	14	14	9	 	18	14	18	27	 	5	2.00	78.0%	71	69	73.02	2.3
5055	19	16	17	20	 	7	14	 	 	 	5	1.00	54.9%	85	66	65.36	1.7
5059	13	15	19	19	 	17	15	17	30	 	5	0.50	85.4%	82	89	86.16	3.3
5069	18	17	17	20	 	17	18	19	24	 	5	0.00	88.2%	58	44	64.49	1.6
5088	17	18	16	18	1	16	19	20	30	 	1	3.50	91.9%	81	74	82.55	3.0
5127	16	15	10	15	 	12	12	16	3	 	5	0.00	58.2%	78	56	61.29	1.3
5139	18	17	18	16	 	11	9	13	20	 	5	3.00	72.4%	90	73	76.14	2.5
5142	18	15	13	15	 	17	14	19	28	 	3	0.00	81.8%	74	61	71.91	2.2
5143	16	17	16	18	 	18	12	15	22	 	4	0.00	78.8%	73	71	74.53	2.4
5171	19	17	18	19	1	19	13	19	29	2	2	0.00	91.8%	91	99	94.51	3.9
5206	15	15	13	13	 	 	 	 	 	 	2	0.00	32.9%	80	45	47.18	0.0
5215	17	15	16	18	 	19	16	18	28	 	5	0.00	86.5%	77	78	81.19	2.9
5232	17	15	17	16	 	14	16	16	24	 	4	0.00	79.4%	86	90	84.96	3.2
5248	20	18	18	20	1	20	18	19	30	 	4	2.50	97.0%	100	90	94.78	4.0
5254	1	 	13	5	 	7	1	5	13	 	5	0.00	26.5%	84	52	48.19	0.0
5278	14	17	15	15	 	17	8	12	12	 	4	0.00	64.7%	85	74	72.48	2.2
5302	20	18	19	18	 	20	20	20	30	 	3	0.00	97.1%	78	71	82.82	3.1
5313	13	14	10	13	 	16	17	19	25	 	5	0.00	74.7%	81	88	81.28	2.9
5326	18	17	18	19	 	18	16	17	29	 	5	0.00	89.4%	79	94	89.16	3.6
5331	20	19	17	18	 	18	16	19	28	 	5	0.00	91.2%	81	76	83.07	3.1
5374	19	17	19	19	 	17	13	17	26	 	5	0.00	86.5%	86	76	82.19	3.0
5391	20	18	18	17	1	19	18	19	30	2	4	6.00	96.5%	93	90	93.19	3.9
5413	18	20	18	20	 	16	18	19	29	 	1	1.50	93.2%	92	93	92.89	3.9
5436	17	18	17	17	 	16	19	16	27	 	5	0.00	86.5%	89	94	89.99	3.7
5457	11	15	18	14	0	18	18	20	29	 	3	0.00	84.1%	97	76	83.45	3.1
5475	17	12	13	17	 	14	17	17	29	 	2	0.00	80.0%	79	87	82.60	3.1
5482	19	18	17	13	 	15	15	 	 	 	5	0.00	57.1%	61	53	56.22	0.9
5484	15	16	14	16	 	13	17	16	29	 	 	0.00	80.0%	66	73	74.40	2.4
5507	19	17	20	18	 	19	20	20	29	 	1	0.50	95.4%	100	87	92.96	3.9
5547	16	15	18	15	 	15	16	19	28	 	5	0.00	83.5%	74	78	79.41	2.8
5572	16	17	11	13	0	17	19	15	25	 	1	3.50	78.9%	92	78	81.17	2.9
5632	17	15	17	17	1	16	16	18	27	 	 	0.00	84.7%	94	80	84.68	3.2
5665	14	18	18	15	 	12	17	11	28	 	3	0.00	78.2%	87	69	76.29	2.5
5705	17	17	17	16	0	18	19	16	27	 	2	0.00	86.5%	66	75	77.79	2.7
5710	16	18	19	18	 	20	16	17	27	 	5	0.00	88.8%	83	92	88.93	3.6
5747	17	18	17	17	 	19	19	11	25	 	5	0.50	84.2%	76	76	79.29	2.8
5778	19	17	16	19	 	18	19	18	29	 	4	0.00	91.2%	100	101	96.87	4.0
5791	19	16	16	19	 	19	17	15	26	 	5	0.00	86.5%	88	88	87.39	3.4
5798	18	17	14	20	 	18	15	18	29	 	5	1.00	87.8%	78	76	81.14	2.9
5858	19	18	18	19	1	20	18	19	30	 	2	6.50	96.6%	100	86	93.03	3.9
5871	17	16	16	15	 	14	16	17	29	 	5	0.00	82.4%	78	84	82.14	3.0
5873	15	16	15	15	 	15	 	16	11	 	5	0.00	60.6%	64	79	68.64	1.9
5904	20	17	19	19	2	18	20	19	30	2	5	7.00	99.0%	94	97	97.21	4.0
5923	20	18	18	8	 	16	20	19	30	 	5	0.00	87.6%	93	94	91.26	3.7
5937	18	20	18	18	1	19	19	17	29	 	5	5.50	94.6%	90	92	92.64	3.8
5937	20	19	20	18	 	17	18	19	28	 	5	0.00	93.5%	61	65	75.61	2.5
5994	18	18	19	18	1	20	17	17	24	 	2	0.50	89.5%	93	80	86.40	3.4
6010	18	16	17	19	 	19	14	18	28	 	5	1.50	87.9%	80	78	82.38	3.0
6049	4	14	10	9	 	12	12	3	4	 	3	0.00	40.0%	63	40	44.60	0.0
6075	15	16	16	17	 	14	14	15	21	 	5	0.00	75.3%	71	71	72.72	2.3
6076	11	16	17	8	 	9	10	19	22	 	5	0.00	65.9%	83	83	76.15	2.5
6076	17	19	19	20	1	19	15	18	29	 	5	5.00	93.3%	85	85	88.33	3.5
6084	17	16	17	18	 	16	17	20	30	 	1	0.00	88.8%	87	76	83.33	3.1
6088	19	19	19	20	 	17	19	20	30	 	4	0.00	95.9%	75	88	88.55	3.5
6094	16	17	16	16	 	18	17	16	29	 	5	0.00	85.3%	74	79	80.52	2.9
6137	16	15	10	9	 	15	7	2	 	 	5	0.00	43.5%	87	55	56.81	1.0
6142	19	20	20	20	1	20	20	20	29	 	5	6.00	100.6%	94	79	90.64	3.7
6207	16	16	14	19	 	12	11	17	27	 	3	1.00	77.8%	84	93	85.14	3.3
6227	18	13	14	14	1	16	14	11	26	 	4	0.00	74.7%	74	72	73.48	2.3
6227	19	17	16	18	 	18	19	20	30	 	4	0.00	92.4%	62	69	76.94	2.6
6272	 	 	 	 	 	 	 	 	 	 	 	0.00	0.0%	 	 	0.00	0.0
6289	15	15	17	19	 	19	17	17	19	 	5	0.00	81.2%	76	58	70.87	2.1
6290	15	18	18	16	 	16	13	14	30	 	4	0.00	82.4%	70	61	71.34	2.1
6292	16	16	13	9	 	16	9	14	7	 	5	0.00	58.8%	74	76	68.73	1.9
6322	16	19	16	19	 	19	17	20	28	 	5	0.00	90.6%	76	85	85.44	3.3
6327	16	18	14	15	 	18	15	20	29	 	1	0.00	85.3%	77	79	81.12	2.9
6329	17	17	17	17	 	15	16	19	26	 	4	0.00	84.7%	78	82	82.28	3.0
6341	19	17	16	17	 	17	13	19	27	 	2	0.00	85.3%	100	81	86.52	3.4
6360	17	15	8	5	 	7	15	14	15	 	5	0.00	56.5%	78	64	63.79	1.5
6372	13	18	13	12	0	16	14	19	25	 	5	0.00	76.5%	71	66	71.19	2.1
6416	18	18	19	17	1	20	17	19	28	 	3	3.50	93.0%	85	89	89.82	3.6
6419	15	15	10	16	 	15	12	12	28	 	5	0.00	72.4%	80	77	75.74	2.5
6476	19	13	18	11	 	18	17	15	27	 	1	4.50	82.1%	87	83	83.42	3.1
6495	18	15	17	15	0	19	19	18	25	 	4	0.00	85.9%	64	74	76.75	2.6
6532	17	18	17	18	1	17	13	13	26	 	5	1.50	82.6%	97	79	84.06	3.2
6565	20	19	18	18	 	19	16	19	28	 	 	3.50	93.0%	97	91	93.02	3.9
6587	13	17	17	20	 	18	19	19	29	 	 	0.00	89.4%	43	52	65.16	1.6
6654	19	18	18	19	1	20	17	19	29	 	2	0.50	94.2%	92	67	82.89	3.1
6670	15	17	16	16	 	17	14	17	28	 	 	0.00	82.4%	88	90	86.54	3.4
6691	20	13	16	15	 	15	13	9	19	 	5	0.00	70.6%	68	65	67.84	1.9
6721	18	16	16	17	 	16	16	17	21	 	4	0.00	80.6%	81	73	77.64	2.6
6723	15	15	16	17	 	15	16	19	28	 	3	0.00	82.9%	75	79	79.78	2.8
6752	18	17	18	14	0	16	19	14	17	 	 	6.00	79.4%	59	81	75.96	2.5
6791	19	17	18	20	 	15	13	18	25	 	3	0.00	85.3%	83	87	85.52	3.3
6813	18	17	18	17	 	17	15	16	28	 	5	0.00	85.9%	92	82	85.55	3.3
6817	10	16	4	8	 	 	 	 	 	 	4	0.00	22.4%	 	 	8.94	0.0
6821	19	18	17	19	 	18	16	19	29	 	3	0.00	91.2%	83	91	89.47	3.6
6828	18	18	17	15	 	18	18	18	26	 	5	0.00	87.1%	70	55	70.82	2.1
6860	18	15	18	18	0	17	17	15	22	 	5	0.00	82.4%	60	52	65.74	1.7
6882	19	18	19	20	0	8	6	19	23	 	5	0.00	77.6%	72	75	75.46	2.5
6885	19	17	18	15	 	12	 	 	 	 	5	0.00	47.6%	52	24	39.06	0.0
6888	15	16	16	13	 	16	16	12	27	 	5	0.00	77.1%	75	87	80.62	2.9
6916	18	16	18	17	 	17	19	14	28	 	2	0.00	86.5%	85	78	82.79	3.1
6920	19	18	18	19	 	20	19	20	27	 	3	0.00	94.1%	80	72	82.45	3.0
6940	17	13	19	16	 	19	14	12	27	 	2	0.00	80.6%	65	79	76.84	2.6
6974	17	16	17	17	 	14	11	15	26	 	5	0.00	78.2%	68	54	66.49	1.7
7000	16	17	18	16	 	13	15	18	28	 	5	0.50	83.0%	67	81	79.02	2.8
7013	17	15	16	18	1	20	17	19	28	2	1	7.00	91.4%	85	87	88.35	3.5
7038	15	17	17	16	 	20	17	19	30	 	1	1.50	89.1%	77	72	79.85	2.8
7048	19	14	12	17	 	18	19	16	26	 	4	0.00	82.9%	69	65	72.98	2.3
7051	16	16	15	17	 	16	15	15	21	 	5	0.00	77.1%	67	63	69.42	2.0
7078	17	16	18	19	 	17	19	18	30	 	2	0.00	90.6%	74	78	82.24	3.0
7185	18	17	17	19	 	20	17	18	27	 	5	0.00	90.0%	90	78	85.20	3.3
7190	19	18	17	17	 	14	16	17	29	 	2	0.00	86.5%	75	84	83.19	3.1
7198	17	15	18	17	1	18	15	16	19	 	5	5.50	81.1%	63	57	67.83	1.9
7216	16	17	10	16	 	17	14	20	27	 	5	0.00	80.6%	72	77	77.44	2.6
7219	19	15	17	17	 	16	18	19	28	 	4	0.00	87.6%	90	93	90.26	3.7
7226	18	11	17	18	 	18	16	18	12	 	5	0.00	75.3%	46	57	62.12	1.4
7251	16	16	18	17	1	20	15	20	28	 	2	0.00	88.8%	92	84	87.53	3.5
7255	17	18	15	18	 	18	16	17	19	 	5	2.50	81.7%	71	94	84.47	3.2
7292	18	19	18	18	1	17	14	12	24	 	4	0.00	82.9%	70	60	71.18	2.1
7309	15	13	7	19	 	9	19	7	20	 	5	0.00	64.1%	56	41	53.25	0.7
7323	16	16	19	16	 	19	14	17	29	 	1	0.00	85.9%	55	37	60.15	1.2
7349	19	17	18	19	 	20	18	20	29	 	5	0.00	94.1%	89	90	91.45	3.7
7417	16	14	13	18	 	19	18	17	29	 	5	0.00	84.7%	87	81	83.68	3.1
7468	16	17	18	17	 	17	14	17	29	 	4	1.50	85.6%	68	55	69.84	2.0
7526	19	17	17	17	1	18	18	20	30	 	5	0.00	92.4%	85	91	90.34	3.7
7557	16	17	12	16	 	19	16	18	28	 	5	0.00	83.5%	75	85	82.41	3.0
7593	16	12	13	16	 	17	14	15	11	 	4	0.00	67.1%	71	61	65.42	1.7
7676	15	18	17	16	 	15	15	18	29	 	4	0.00	84.1%	74	61	72.85	2.3
7697	18	19	17	19	 	18	16	17	26	 	5	0.00	88.2%	81	74	81.09	2.9
7707	18	18	18	19	1	18	18	19	28	 	3	0.00	92.4%	100	98	96.14	4.0
7722	16	17	18	15	 	17	17	18	29	 	4	0.00	86.5%	79	49	69.99	2.0
7725	19	17	17	18	1	19	16	19	13	 	5	0.00	81.8%	89	87	85.31	3.3
7729	20	18	20	15	1	17	18	19	28	2	5	0.00	92.9%	83	94	91.38	3.7
7736	18	18	18	19	0	17	14	16	27	 	1	0.50	86.6%	83	81	83.63	3.1
7757	16	16	18	16	 	19	16	16	28	 	3	0.00	85.3%	93	86	87.12	3.4
7817	16	17	17	18	 	18	16	20	27	 	4	0.00	87.6%	96	96	92.66	3.8
7828	19	19	19	18	1	19	20	19	28	 	4	0.00	95.3%	98	95	95.72	4.0
7857	17	16	16	19	 	18	18	16	27	 	5	0.00	86.5%	63	66	73.59	2.3
7911	9	10	11	13	 	14	6	5	 	 	5	1.00	40.2%	81	61	56.68	0.9
7964	18	17	18	18	1	17	17	15	26	 	1	0.00	86.5%	89	73	81.59	3.0
7967	19	19	15	16	0	14	16	15	18	 	4	0.00	77.6%	79	61	71.26	2.1
8008	19	15	18	19	1	16	17	19	30	 	2	0.00	90.6%	97	97	94.44	3.9
8026	19	18	20	20	1	19	20	20	30	 	4	3.00	98.8%	91	90	93.73	3.9
8026	13	14	16	14	 	12	10	8	14	 	5	0.00	59.4%	69	52	58.36	1.1
8029	16	11	15	8	 	14	17	 	19	 	5	0.00	58.8%	56	73	63.93	1.5
8037	18	17	16	18	 	17	13	18	27	 	 	0.50	84.8%	83	73	79.72	2.8
8054	18	15	16	17	 	16	15	16	19	 	4	0.00	77.6%	81	67	74.06	2.4
8058	16	18	7	10	 	13	4	5	7	 	5	2.00	47.5%	70	67	59.78	1.2
8063	20	16	18	17	 	19	19	18	25	 	 	0.00	89.4%	98	99	94.96	4.0
8067	18	18	18	18	1	20	17	17	30	 	2	0.00	92.4%	96	93	93.34	3.9
8093	18	16	19	17	1	17	17	16	27	 	4	0.00	87.1%	70	64	74.42	2.4
8096	17	18	18	16	 	17	18	17	29	 	4	0.00	88.2%	67	70	76.69	2.6
8129	19	14	18	17	 	12	13	13	30	 	5	0.00	80.0%	54	61	67.20	1.8
8150	17	18	18	20	1	17	19	17	27	 	5	4.00	91.4%	96	96	94.15	3.9
8200	19	18	17	19	2	20	18	20	21	2	5	0.50	91.9%	78	68	79.55	2.8
8218	18	17	18	19	 	20	16	20	27	 	3	1.00	91.4%	86	98	92.95	3.9
8236	18	17	9	16	0	18	14	16	30	 	1	3.00	81.8%	85	76	80.11	2.8
8240	19	15	16	10	 	14	17	15	29	 	2	0.00	79.4%	82	77	78.96	2.8
8246	19	19	19	18	0	17	16	20	29	 	2	6.00	93.5%	94	93	93.41	3.9
8270	17	16	16	17	 	17	20	19	26	 	 	0.00	87.1%	86	83	85.22	3.3
8276	15	14	13	11	0	13	12	13	18	 	5	0.00	64.1%	63	39	53.85	0.7
8281	17	17	19	19	1	20	19	20	29	 	3	0.00	94.7%	96	99	96.68	4.0
8289	20	18	19	19	2	19	20	20	28	 	5	3.00	97.6%	86	81	88.66	3.5
8334	16	18	16	18	0	19	18	15	30	2	4	6.50	90.7%	96	91	91.87	3.8
8335	17	15	20	19	2	19	16	18	26	2	5	2.50	91.1%	87	87	88.63	3.5
8342	13	16	15	16	 	19	14	15	25	 	5	0.00	78.2%	78	59	70.49	2.1
8375	17	14	14	15	 	13	15	11	24	 	5	0.00	72.4%	86	72	74.94	2.4
8376	17	17	15	18	 	16	15	18	27	 	5	0.50	84.2%	86	77	81.69	3.0
8426	19	18	17	17	1	14	18	19	26	 	 	0.00	87.6%	97	95	92.46	3.8
8434	8	13	6	6	 	10	2	3	2	 	4	0.00	29.4%	42	27	30.96	0.0
8434	20	16	16	18	1	19	18	19	26	 	1	0.00	90.0%	100	100	96.00	4.0
8461	19	17	17	15	1	17	17	15	23	 	4	0.00	82.9%	83	86	84.18	3.2
8484	19	18	18	2	 	 	 	 	 	 	4	0.00	33.5%	 	 	13.41	0.0
8538	19	16	17	16	1	19	15	18	24	 	 	5.00	86.3%	89	90	88.31	3.5
8616	18	17	11	2	 	17	9	9	24	 	5	0.00	62.9%	74	45	57.98	1.1
8628	19	16	18	17	 	18	17	17	29	 	2	0.00	88.8%	69	72	78.13	2.7
8637	20	18	17	17	0	20	18	20	30	 	5	0.50	94.2%	58	69	76.89	2.6
8641	6	15	14	15	 	12	16	13	27	 	3	6.50	70.7%	75	45	61.27	1.3
8647	11	13	18	17	 	16	18	18	28	 	4	0.00	81.8%	68	26	56.71	1.0
8723	15	15	18	20	 	20	20	20	30	 	2	0.00	92.9%	85	76	84.58	3.2
8723	18	16	16	14	 	16	16	17	28	 	4	0.00	82.9%	93	89	87.38	3.4
8744	16	19	18	17	 	16	18	18	30	 	5	0.00	89.4%	80	85	85.76	3.3
8756	16	17	17	15	 	17	19	12	14	 	3	0.00	74.7%	62	41	58.68	1.1
8815	16	18	17	12	1	14	18	16	23	 	2	0.00	79.4%	80	67	74.56	2.4
8827	17	17	15	17	 	15	12	19	27	 	 	0.00	81.8%	97	89	87.71	3.5
8874	18	16	19	15	 	19	2	13	11	 	5	0.00	66.5%	67	67	66.79	1.8
8890	17	15	19	5	 	5	3	10	9	 	5	0.50	48.9%	60	68	58.77	1.1
8893	17	15	13	15	 	17	16	19	27	 	1	0.00	81.8%	82	81	81.51	3.0
8934	19	18	19	19	 	15	18	18	26	 	4	0.00	89.4%	90	71	82.16	3.0
8936	16	14	3	10	 	10	6	4	12	 	5	0.00	44.1%	67	55	53.05	0.7
8937	17	15	17	16	0	20	12	13	28	 	5	0.00	81.2%	87	87	84.67	3.2
8963	15	16	17	18	 	19	15	18	25	 	4	1.00	84.3%	95	73	81.93	3.0
9003	19	17	16	19	 	18	18	19	28	 	1	0.00	90.6%	85	72	82.04	3.0
9028	13	18	17	17	0	16	15	17	28	2	5	1.50	84.4%	89	92	88.36	3.5
9054	19	18	13	15	 	13	18	18	28	 	5	0.50	83.6%	84	75	80.25	2.9
9111	17	17	19	17	 	17	15	17	28	 	2	0.00	86.5%	71	97	87.59	3.5
9111	18	17	18	18	 	20	16	20	30	 	3	0.00	92.4%	86	94	91.74	3.8
9114	18	17	18	20	 	17	13	17	28	 	5	0.00	87.1%	82	68	78.42	2.7
9117	19	16	15	15	 	16	11	7	27	 	5	0.00	74.1%	72	59	67.65	1.8
9143	17	14	16	12	 	18	19	20	26	 	4	0.00	83.5%	74	72	77.01	2.6
9159	17	18	20	19	1	19	18	20	29	 	2	0.00	94.7%	93	88	91.68	3.8
9163	19	19	17	19	 	17	18	18	17	 	5	0.00	84.7%	54	70	72.68	2.2
9171	17	15	16	17	 	17	17	16	28	 	1	0.00	84.1%	82	80	82.05	3.0
9174	11	17	15	11	 	18	16	13	26	2	4	0.00	75.9%	60	37	57.15	1.0
9181	20	19	19	19	1	18	18	20	29	 	4	0.00	95.9%	88	83	89.15	3.6
9200	16	18	16	17	 	17	14	13	23	 	5	0.00	78.8%	76	49	66.33	1.7
9207	16	17	18	18	 	15	10	19	26	 	1	0.00	81.8%	76	71	76.31	2.5
9224	14	16	14	18	 	18	16	18	28	 	1	0.00	83.5%	79	81	81.61	3.0
9241	14	17	13	9	 	20	7	13	 	 	5	0.00	54.7%	62	44	51.88	0.0
9245	20	17	18	17	 	10	5	12	 	 	5	0.00	58.2%	91	66	67.89	1.9
9287	18	18	15	20	2	18	16	14	27	 	2	1.50	87.4%	91	96	91.54	3.8
9302	17	17	18	16	 	17	17	16	29	 	 	3.50	87.2%	87	76	82.66	3.1
9362	17	14	 	 	 	 	 	 	 	 	5	0.00	18.2%	 	 	7.29	0.0
9402	19	20	19	15	 	17	18	19	30	2	 	2.00	93.9%	83	96	92.57	3.8
9407	18	18	18	17	 	18	18	19	25	 	1	0.00	88.8%	83	89	87.73	3.5
9451	18	18	20	18	 	15	15	18	30	 	5	0.50	89.5%	84	86	87.00	3.4
9452	19	16	19	17	 	16	16	20	27	 	5	0.00	88.2%	88	87	87.69	3.5
9455	16	18	5	13	 	18	15	15	30	 	2	0.00	76.5%	90	84	82.19	3.0
9512	16	19	18	20	 	17	20	15	29	 	4	2.50	91.1%	83	84	86.63	3.4
9541	20	16	15	17	0	18	15	18	27	 	5	0.00	85.9%	84	91	87.55	3.5
9573	13	10	8	4	 	0	6	10	12	 	5	2.00	37.5%	65	52	48.78	0.0
9589	16	16	17	19	1	18	19	12	23	 	 	6.00	84.1%	88	95	89.25	3.6
9637	20	17	18	19	 	15	15	19	27	 	 	0.00	88.2%	92	86	88.09	3.5
9660	18	16	11	17	 	16	18	19	28	 	 	0.00	84.1%	85	83	83.85	3.2
9687	18	17	16	16	 	16	14	18	29	 	5	0.00	84.7%	81	83	83.28	3.1
9752	19	19	19	20	 	16	16	20	29	 	3	5.50	94.0%	82	68	81.21	2.9
9826	18	15	19	20	1	17	18	20	29	 	1	0.00	92.4%	98	94	94.14	3.9
9851	20	18	19	19	0	19	18	18	29	 	5	0.50	94.2%	81	90	89.89	3.6
9859	18	17	16	18	 	18	16	17	28	1	5	1.00	87.8%	75	61	74.54	2.4
9860	19	17	19	19	0	19	18	19	28	 	1	7.00	94.3%	93	74	85.93	3.3
9863	19	18	14	16	 	17	15	17	27	 	5	1.50	84.4%	79	57	72.36	2.2
9864	18	15	18	19	0	20	15	17	26	 	4	0.00	87.1%	81	60	75.02	2.4
9867	17	18	9	8	 	14	1	12	26	 	5	0.00	61.8%	60	62	61.51	1.3
9868	20	18	16	20	 	20	16	18	30	 	1	0.00	92.9%	87	83	87.78	3.5
9891	18	19	18	18	1	17	13	19	27	 	 	1.00	88.4%	74	63	75.37	2.5
9895	19	18	19	14	0	19	17	19	28	 	3	0.00	90.0%	97	92	92.20	3.8
9923	13	13	7	11	 	6	8	14	23	 	5	0.00	55.9%	87	41	56.15	0.9

mean	16.9	16.5	16.2	16.1	0.8	16.4	15.3	16.3	25.2	1.9	3.7	0.7	79.0%	79.7	74.6	75.9	2.6
median	17	17	17	17	1	17	16	17	27	2	4	0	84.4%	82	77	80.8	2.9