last 4 digits of sid	assign1	assign2	assign3	assign4	assign5	assign6	assign7	assign8	bonus8	weekly %	midterm	new midterm	final	total	grade
5909	20	20	20	20	17	20	19	29	 	97.06%	100	106	101	100.42	4
0221	20	17	18	20	20	20	20	30	2	98.24%	97	103	100	99.89	4
2330	20	20	19	20	20	19	20	29	2	99.41%	97	103	97	99.16	4
0599	20	19	19	19	20	19	18	30	 	96.47%	95	101	98	97.99	4
7496	20	18	19	20	16	17	19	30	 	93.53%	95	101	99	97.21	4
7862	19	20	20	20	18	19	19	30	2	98.24%	84	90	99	96.89	4
1069	16	17	19	19	20	15	19	28	 	90.00%	98	104	99	96.40	4
4788	17	20	20	19	20	19	20	29	2	97.65%	88	94	96	96.26	4
5000	20	19	18	19	20	19	20	30	 	97.06%	98	104	90	95.62	3.9
2604	20	20	18	20	20	19	19	29	 	97.06%	96	102	91	95.62	3.9
5656	18	19	20	20	20	20	19	30	2	98.82%	80	86	97	95.53	3.9
2351	19	17	19	20	20	19	19	30	 	95.88%	96	102	91	95.15	3.9
2755	18	17	18	20	18	18	17	28	 	90.59%	86	92	101	95.04	3.9
3728	19	20	20	20	20	16	20	27	 	95.29%	99	105	89	94.72	3.9
9770	15	17	19	19	20	20	15	27	 	89.41%	96	102	95	94.16	3.9
0844	19	18	19	20	18	18	20	29	2	95.88%	87	93	93	94.15	3.9
8295	18	19	19	20	19	20	17	30	 	95.29%	93	99	90	93.92	3.8
1835	18	13	19	20	18	19	19	28	2	91.76%	94	100	93	93.91	3.8
2508	19	19	19	19	20	19	19	28	2	96.47%	92	98	89	93.79	3.8
0124	18	19	17	20	18	19	18	29	 	92.94%	95	101	91	93.78	3.8
4921	20	18	18	20	19	17	20	30	 	95.29%	93	99	89	93.52	3.8
0103	12	20	19	19	19	20	19	27	 	91.18%	86	92	96	93.27	3.8
1942	20	20	17	18	18	20	19	28	 	94.12%	91	97	90	93.05	3.8
3210	20	19	20	20	19	17	19	29	 	95.88%	77	83	95	92.95	3.8
1206	17	19	19	15	18	17	17	29	 	88.82%	84	90	98	92.73	3.8
2768	20	17	18	20	20	18	20	30	 	95.88%	93	99	86	92.55	3.7
6211	17	18	18	20	19	19	20	28	2	94.71%	95	101	86	92.48	3.7
3227	19	20	19	20	20	17	20	29	2	97.65%	91	97	85	92.46	3.7
4533	18	19	17	19	19	18	20	28	 	92.94%	80	86	95	92.38	3.7
1456	20	19	19	18	20	19	16	28	 	93.53%	78	84	95	92.21	3.7
4959	20	20	20	20	20	19	20	29	2	100.00%	61	67	97	92.20	3.7
3827	19	18	18	18	19	17	20	28	2	93.53%	79	85	94	92.01	3.7
3241	20	20	18	19	19	17	19	30	 	95.29%	83	89	90	91.92	3.7
4838	20	20	18	20	17	15	20	29	 	93.53%	84	90	91	91.81	3.7
0172	18	16	18	19	15	19	18	30	 	90.00%	92	98	90	91.60	3.6
0024	19	19	17	19	17	19	19	28	 	92.35%	73	79	97	91.54	3.6
5999	19	20	20	20	19	20	20	30	 	98.82%	74	80	90	91.53	3.6
7495	18	17	17	19	18	18	16	29	 	89.41%	85	91	92	90.76	3.6
7497	13	16	14	16	19	16	15	26	 	79.41%	95	101	97	90.76	3.6
3555	19	19	18	19	14	16	17	23	 	85.29%	97	103	90	90.72	3.6
4961	18	17	17	18	17	18	19	30	 	90.59%	66	72	100	90.64	3.6
1708	20	19	20	20	20	18	19	30	2	98.82%	73	79	88	90.53	3.6
1375	18	19	20	18	19	19	20	29	 	95.29%	66	72	95	90.52	3.6
2846	18	15	18	20	16	20	20	27	 	90.59%	79	85	92	90.04	3.5
1865	18	17	16	18	19	12	17	27	2	85.88%	86	92	93	89.95	3.5
6664	17	18	18	18	19	16	19	30	 	91.18%	85	91	88	89.87	3.5
1700	13	16	17	18	17	13	15	22	 	77.06%	93	99	98	89.82	3.5
1938	20	19	19	18	20	17	20	29	 	95.29%	66	72	93	89.72	3.5
1152	16	20	18	19	18	19	19	28	2	93.53%	83	89	86	89.61	3.5
3665	20	15	19	18	15	15	17	29	 	87.06%	81	87	93	89.42	3.5
0315	20	18	19	20	15	18	20	29	 	93.53%	91	97	80	88.81	3.5
1196	17	13	17	17	15	16	17	29	 	82.94%	90	96	91	88.78	3.5
0068	20	18	18	20	20	15	18	30	 	93.53%	66	72	91	88.21	3.4
4546	16	16	19	18	19	15	17	30	 	88.24%	76	82	91	88.09	3.4
2535	20	17	18	20	20	14	20	29	 	92.94%	96	102	76	87.98	3.4
8336	18	17	16	17	18	17	20	30	 	90.00%	64	70	94	87.60	3.4
2964	20	20	20	20	20	19	20	14	 	90.00%	71	77	90	87.40	3.3
4298	17	18	18	20	19	12	18	29	 	88.82%	75	81	89	87.33	3.3
8453	17	19	20	20	20	20	18	29	 	95.88%	62	68	88	87.15	3.3
8956	19	18	13	20	20	14	20	30	 	90.59%	78	84	85	87.04	3.3
0402	18	17	12	15	19	16	15	28	 	82.35%	80	86	92	86.94	3.3
0640	17	17	10	19	12	12	17	27	 	77.06%	86	92	94	86.82	3.3
8115	16	19	16	19	17	17	15	29	 	87.06%	66	72	94	86.82	3.3
2482	17	18	17	19	19	18	16	27	 	88.82%	64	70	93	86.73	3.3
1463	19	17	18	17	17	18	19	29	 	90.59%	88	94	79	86.64	3.3
8855	19	19	19	18	17	17	20	24	 	90.00%	68	74	89	86.40	3.2
5799	19	15	19	19	19	19	18	29	 	92.35%	73	79	84	86.34	3.2
0768	13	18	18	17	16	13	15	27	 	80.59%	84	90	90	86.24	3.2
3391	19	19	19	17	19	18	19	17	 	86.47%	72	78	90	86.19	3.2
6977	19	18	17	19	16	13	20	29	 	88.82%	59	65	94	86.13	3.2
7661	15	16	20	20	18	13	20	29	 	88.82%	85	91	81	86.13	3.2
9104	18	20	18	20	20	19	18	30	 	95.88%	65	71	83	85.75	3.2
0731	18	20	19	19	18	17	20	30	 	94.71%	59	65	87	85.68	3.2
8324	20	18	16	20	16	19	18	29	 	91.76%	88	94	74	85.11	3.1
2411	18	18	18	19	18	18	17	27	 	90.00%	79	85	80	85.00	3.1
9484	18	18	19	20	20	12	19	29	 	91.18%	77	83	79	84.67	3.1
5115	17	20	20	18	19	12	19	22	 	86.47%	58	64	93	84.59	3.1
7340	19	18	19	20	17	16	16	26	 	88.82%	69	75	85	84.53	3
5288	17	17	19	16	20	16	19	30	 	90.59%	65	71	85	84.44	3
0391	17	18	19	18	18	13	18	23	 	84.71%	82	88	82	84.28	3
4956	20	20	19	18	20	17	19	28	 	94.71%	61	67	82	84.08	3
9825	12	14	17	19	19	18	19	30	 	87.06%	69	75	85	83.82	3
0985	20	15	19	20	14	20	18	28	 	90.59%	77	83	77	83.64	3
2099	17	17	15	19	19	14	19	28	 	87.06%	52	58	92	83.22	2.9
5796	13	19	19	18	19	18	16	29	 	88.82%	76	82	78	83.13	2.9
9937	19	16	12	13	10	18	18	26	 	77.65%	72	78	91	83.06	2.9
4809	20	17	16	15	19	19	17	25	 	87.06%	77	83	79	83.02	2.9
5265	20	18	19	18	20	15	19	29	 	92.94%	73	79	75	82.98	2.9
8193	19	18	19	19	18	17	18	27	 	91.18%	66	72	80	82.87	2.9
2896	18	19	18	18	19	14	19	28	 	90.00%	77	83	75	82.60	2.9
4079	19	18	19	17	18	18	16	23	 	87.06%	76	82	78	82.42	2.8
7958	17	18	17	19	17	11	19	28	 	85.88%	70	76	82	82.35	2.8
6034	17	20	20	20	19	18	19	30	 	95.88%	74	80	70	82.35	2.8
0962	19	19	19	19	20	14	20	30	 	94.12%	63	69	77	82.25	2.8
8066	19	15	15	19	19	19	19	29	 	90.59%	44	50	89	81.84	2.8
0727	18	16	16	19	19	19	19	29	 	91.18%	74	80	73	81.67	2.8
4359	16	18	14	16	19	17	14	20	 	78.82%	73	79	85	81.33	2.7
0540	18	20	17	18	19	14	20	27	 	90.00%	73	79	73	81.00	2.7
5461	20	17	18	19	17	18	18	29	 	91.76%	68	74	73	80.71	2.7
1303	19	17	17	17	20	17	18	27	 	89.41%	52	58	83	80.56	2.7
9523	17	11	15	15	18	18	16	23	 	78.24%	84	90	78	80.49	2.7
2738	19	20	15	18	19	18	20	29	 	92.94%	83	89	63	80.18	2.6
2589	16	18	18	19	18	18	18	27	 	89.41%	56	62	80	80.16	2.6
0120	20	18	18	20	19	14	20	29	 	92.94%	80	86	64	79.98	2.6
0625	17	18	18	16	16	 	18	15	 	69.41%	77	83	89	79.96	2.6
9208	17	17	17	17	19	16	19	29	 	88.82%	62	68	77	79.93	2.6
0914	19	18	17	20	18	19	16	27	 	90.59%	82	88	64	79.44	2.5
2709	16	20	18	19	20	15	16	30	 	90.59%	74	80	68	79.44	2.5
1665	18	18	17	20	19	19	18	23	 	89.41%	72	78	70	79.36	2.5
0738	16	19	17	18	16	19	15	25	 	85.29%	59	65	80	79.12	2.5
4922	15	14	15	17	11	16	20	24	 	77.65%	59	65	87	78.86	2.5
3304	18	18	15	16	20	14	17	30	 	87.06%	60	66	77	78.82	2.5
3727	13	15	20	20	18	17	18	26	 	86.47%	65	71	75	78.79	2.5
1546	17	15	18	19	20	15	20	29	 	90.00%	55	61	76	78.60	2.5
2524	20	17	9	18	19	19	15	16	 	78.24%	72	78	79	78.49	2.5
0295	19	15	18	19	18	20	19	17	 	85.29%	64	70	75	78.12	2.4
9810	14	17	19	19	18	17	20	30	 	90.59%	67	73	68	78.04	2.4
4465	20	19	17	12	17	17	15	19	 	80.00%	72	78	75	77.60	2.4
5656	15	15	15	18	14	16	17	20	 	76.47%	73	79	78	77.59	2.4
9951	17	15	15	17	17	16	19	19	 	79.41%	79	85	72	77.56	2.4
0844	16	17	16	19	20	17	16	30	2	90.00%	77	83	61	77.00	2.3
2702	19	16	18	20	20	14	19	30	 	91.76%	73	79	61	76.91	2.3
7243	16	14	16	20	18	11	18	30	 	84.12%	88	94	61	76.85	2.3
5004	18	18	16	18	17	18	15	30	 	88.24%	55	61	73	76.69	2.3
0686	17	18	8	19	18	11	20	9	 	70.59%	80	86	78	76.64	2.3
1230	17	16	10	19	15	13	15	20	 	73.53%	67	73	81	76.41	2.2
7503	16	15	8	16	16	14	20	18	 	72.35%	73	79	79	76.34	2.2
0966	18	17	13	19	20	10	10	17	 	72.94%	96	102	66	75.98	2.2
7076	13	18	16	18	18	16	20	30	 	87.65%	53	59	72	75.66	2.2
5065	14	18	18	18	20	11	19	16	 	78.82%	54	60	79	75.13	2.1
6666	17	18	17	20	13	15	13	23	 	80.00%	81	87	64	75.00	2.1
0722	18	18	14	20	19	17	20	30	2	92.94%	57	63	63	74.98	2.1
8430	18	16	14	15	17	13	17	30	 	82.35%	58	64	73	74.94	2.1
0213	16	19	18	20	18	17	18	29	 	91.18%	56	62	65	74.87	2.1
3844	11	 	13	15	9	8	17	13	 	50.59%	83	89	92	74.84	2.1
8876	18	20	18	19	18	19	14	25	 	88.82%	72	78	59	74.73	2.1
2959	20	20	19	19	19	19	19	28	 	95.88%	51	57	62	74.55	2.1
7053	20	20	19	20	19	13	20	22	 	90.00%	60	66	63	74.40	2.1
3385	20	15	17	18	12	12	14	28	 	80.00%	74	80	65	74.00	2
7175	16	19	9	17	17	13	19	26	 	80.00%	48	54	78	74.00	2
1881	17	18	19	19	18	18	20	29	 	92.94%	48	54	62	72.78	1.9
8355	19	18	20	18	17	17	18	15	 	83.53%	58	64	66	72.61	1.9
2841	16	18	20	16	19	15	15	28	 	86.47%	74	80	55	72.59	1.9
0305	19	9	9	18	 	20	17	9	 	59.41%	69	75	83	71.96	1.8
3534	16	16	13	18	8	6	14	15	 	62.35%	61	67	84	71.94	1.8
8326	15	15	19	19	18	19	18	27	 	88.24%	57	63	60	71.89	1.8
2470	15	18	13	19	19	20	17	28	 	87.65%	62	68	58	71.86	1.8
1029	18	18	19	16	15	16	19	14	 	79.41%	72	78	61	71.76	1.8
7390	18	19	15	11	19	9	17	11	 	70.00%	47	53	81	71.00	1.7
9497	13	16	19	15	15	15	18	24	 	79.41%	73	79	58	70.76	1.7
7123	18	17	5	15	16	11	19	26	 	74.71%	45	51	74	69.68	1.6
3055	19	11	16	17	16	10	17	17	 	72.35%	61	67	68	69.54	1.6
5611	17	14	16	16	9	8	11	14	 	61.76%	48	54	84	69.11	1.5
2789	17	18	17	20	16	19	18	29	 	90.59%	58	64	50	69.04	1.5
9522	18	14	12	14	10	14	12	14	 	63.53%	74	80	69	69.01	1.5
5344	19	19	17	19	17	6	19	19	 	79.41%	43	49	68	68.76	1.5
7244	19	14	13	16	13	13	18	28	 	78.82%	48	54	66	68.73	1.5
0261	19	19	19	18	14	14	16	19	 	81.18%	69	75	51	67.87	1.4
4533	9	5	2	19	9	8	18	18	 	51.76%	59	65	85	67.71	1.4
1755	18	13	13	18	20	19	19	0	 	70.59%	53	59	69	67.64	1.4
1952	19	20	19	20	19	18	16	20	 	88.82%	51	57	50	66.93	1.3
6589	17	17	17	17	17	18	17	17	 	80.59%	46	52	58	65.84	1.2
2453	18	11	18	19	13	16	19	28	 	83.53%	62	68	47	65.81	1.2
9360	18	16	15	13	17	19	17	22	 	80.59%	32	38	63	65.04	1.1
2780	19	16	19	16	16	17	11	16	 	76.47%	57	63	54	64.79	1.1
0281	20	16	16	17	19	18	18	19	 	84.12%	47	53	49	63.85	1
3799	11	15	19	17	13	15	17	26	 	78.24%	52	58	50	62.89	0.9
3602	16	19	15	16	13	 	14	14	 	62.94%	78	84	51	62.38	0.9
0590	13	17	18	19	16	17	16	27	 	84.12%	46	52	45	62.05	0.8
4118	15	16	17	18	19	18	19	29	 	88.82%	41	47	42	61.73	0.8
9168	11	11	11	15	17	1	3	17	 	50.59%	79	85	59	60.84	0.8
0990	15	17	14	20	0	0	19	10	 	55.88%	60	66	63	60.75	0.7
7771	18	20	20	20	19	14	20	17	 	87.06%	41	47	41	60.62	0.7
3860	10	6	19	12	19	12	17	 	 	55.88%	51	57	67	60.55	0.7
6876	18	9	17	18	19	0	19	28	 	75.29%	47	53	49	60.32	0.7
6603	18	19	18	19	19	18	19	11	 	82.94%	37	43	46	60.18	0.7
8315	19	18	19	19	18	18	18	27	 	91.76%	47	53	32	60.11	0.7
5661	17	16	18	20	17	14	12	19	 	78.24%	56	62	39	59.29	0.7
2045	17	17	14	13	17	17	18	27	 	82.35%	49	55	37	58.74	0.7
6450	19	20	19	19	19	14	18	13	 	82.94%	23	29	45	56.98	0
8166	18	19	19	20	15	7	15	10	 	72.35%	49	55	41	56.34	0
1006	14	17	18	16	13	2	13	20	 	66.47%	56	62	43	56.19	0
1452	18	19	 	20	 	3	 	 	 	35.29%	79	85	59	54.72	0
4231	14	19	15	15	7	6	0	 	 	44.71%	30	36	73	54.28	0
5780	13	18	14	11	6	6	10	8	 	50.59%	46	52	59	54.24	0
2394	10	13	10	15	5	1	7	9	 	41.18%	48	54	67	54.07	0
1924	18	10	5	15	 	16	7	3	 	43.53%	61	67	56	53.21	0
8045	9	5	19	7	19	14	16	10	 	58.24%	46	52	43	50.89	0
4017	11	16	15	16	18	11	17	8	 	65.88%	30	36	41	49.95	0
2321	17	 	 	15	16	 	 	 	 	28.24%	54	60	64	48.89	0
2632	13	17	8	 	 	 	 	 	 	22.35%	67	73	55	45.54	0
9599	15	5	 	13	 	 	 	 	 	19.41%	59	65	56	43.16	0
0064	16	18	19	17	14	10	17	13	 	72.94%	35	41	12	42.18	0
0558	5	12	20	18	16	4	14	26	 	67.65%	27	33	21	42.06	0
5370	7	17	7	20	13	12	11	10	 	57.06%	17	23	35	41.42	0
8466	8	7	7	9	10	3	6	5	 	32.35%	46	52	38	38.54	0
0354	20	18	18	19	15	14	 	 	 	61.18%	64	70	 	38.47	0
7256	11	5	7	14	6	 	7	5	 	32.35%	52	58	33	37.74	0
9340	18	17	16	19	16	 	 	 	 	50.59%	72	78	 	35.84	0
1785	18	16	12	 	 	 	 	 	 	27.06%	43	49	33	33.82	0
0192	 	10	 	15	 	8	 	 	 	19.41%	27	33	46	32.76	0
4005	16	18	 	17	9	 	 	9	 	40.59%	52	58	 	27.84	0
0233	18	15	17	13	 	 	 	 	 	37.06%	51	57	 	26.22	0
1057	 	15	16	16	15	 	 	 	 	36.47%	27	33	 	21.19	0
1857	6	5	 	5	 	 	 	 	 	9.41%	47	53	15	20.36	0
3435	16	16	 	 	 	 	 	 	 	18.82%	 	6	 	8.73	0
1023	 	18	 	 	 	 	 	 	 	10.59%	 	6	 	5.44	0
1573	 	 	 	 	 	 	 	 	 	0.00%	 	6	 	1.20	0
5756	 	 	 	 	 	 	 	 	 	0.00%	 	6	 	1.20	0
0204	 	 	 	 	 	 	 	 	 	0.00%	 	6	 	1.20	0

mean	17.1	16.9	16.7	17.9	17.1	15.4	17.4	24.4	2.0	79.30%	68.6	72.9	74.9	74.85	2.3
median	18	18	18	19	18	17	18	28	2	87.35%	72	75.5	79	79.95	2.6