last 4 digits of sid	Assign1	Assign2	Assign3	Assign4	Assign5	Assign6	Assign7	Assign8	Assign9	attendance	homework %	Midterm	Final	total	grade
3419	10	15	20	20	20	20	20	20	19	20	99.46%	99	100	99.58	4.0
3022	9	15	20	20	20	20	20	20	20	20	99.46%	98	99	98.98	4.0
3598	10	15	20	20	20	20	20	19	18	20	98.38%	100	99	98.95	4.0
6349	10	15	20	20	20	20	20	20	20	20	100.00%	100	97	98.80	4.0
3503	9	14	20	20	20	20	20	20	18	20	97.84%	101	98	98.54	4.0
3262	10	15	20	19	20	20	19	20	20	20	98.92%	101	96	98.17	4.0
3033	10	15	20	20	19	20	19	20	19	20	98.38%	99	97	97.95	4.0
1343	9	14	20	20	20	20	20	20	18	20	97.84%	101	96	97.74	4.0
3293	10	15	20	20	20	20	20	20	20	20	100.00%	98	95	97.60	4.0
5388	8	15	20	20	20	20	20	20	20	20	98.92%	98	96	97.57	4.0
7365	9	15	20	19	20	20	20	20	19	20	98.38%	99	96	97.55	4.0
1886	8	15	20	20	19	19	20	20	19	20	97.30%	99	97	97.52	4.0
5196	7	15	20	20	17	20	20	20	18	20	95.68%	98	99	97.47	4.0
0452	10	15	20	20	18	20	20	20	20	20	98.92%	101	94	97.37	4.0
4093	10	15	20	20	20	20	20	20	19	20	99.46%	93	97	97.18	4.0
3414	10	15	19	19	19	19	19	20	20	20	97.30%	101	95	97.12	4.0
2892	9	15	20	20	20	20	20	20	19	20	98.92%	91	98	96.97	4.0
4459	7	14	18	19	20	19	20	20	19	18	94.05%	99	98	96.62	3.9
0182	10	15	20	19	20	20	19	20	20	20	98.92%	99	93	96.57	3.9
0167	9	14	20	18	18	19	19	20	20	20	95.68%	97	97	96.47	3.9
0649	7	15	20	18	19	20	20	20	19	20	96.22%	95	97	96.29	3.9
2900	10	15	20	18	17	20	20	20	18	20	96.22%	95	97	96.29	3.9
5955	7	15	20	18	20	20	20	20	17	20	95.68%	98	96	96.27	3.9
0015	8	15	20	17	18	19	20	19	20	20	95.14%	97	97	96.25	3.9
1412	10	15	20	19	20	19	20	20	19	20	98.38%	98	93	96.15	3.9
3726	10	15	18	20	20	20	20	20	19	20	98.38%	100	92	96.15	3.9
5261	9	15	20	20	20	20	20	20	20	20	99.46%	101	90	95.98	3.9
3472	9	15	20	20	17	20	20	20	19	20	97.30%	91	97	95.92	3.9
1154	8	15	20	19	18	20	20	19	18	20	95.68%	100	94	95.87	3.9
1722	7	15	20	18	19	20	19	20	19	20	95.68%	100	94	95.87	3.9
6038	9	15	20	19	20	20	20	20	20	20	98.92%	99	91	95.77	3.9
7020	9	15	20	20	18	20	20	20	19	20	97.84%	101	91	95.74	3.9
1059	8	15	20	20	20	20	20	20	19	20	98.38%	99	91	95.55	3.9
1853	9	15	20	19	20	20	19	20	18	20	97.30%	101	91	95.52	3.9
1846	7	15	20	19	17	20	19	19	18	20	94.05%	94	97	95.22	3.8
9379	10	15	20	19	18	20	20	20	20	20	98.38%	97	91	95.15	3.8
3745	10	15	19	19	20	20	19	20	20	20	98.38%	97	91	95.15	3.8
2016	10	15	20	19	19	20	20	18	18	20	96.76%	96	93	95.10	3.8
4903	10	15	20	19	20	20	20	20	20	20	99.46%	90	93	94.98	3.8
0213	9	15	20	20	20	20	20	20	19	20	98.92%	96	90	94.77	3.8
4512	7	15	20	19	20	19	20	20	20	20	97.30%	101	89	94.72	3.8
5524	9	15	20	19	18	19	20	20	18	20	96.22%	91	95	94.69	3.8
7222	9	14	20	18	19	20	17	19	18	20	94.05%	93	96	94.62	3.8
8162	10	15	19	20	20	20	20	20	17	20	97.84%	97	90	94.54	3.8
4345	8	15	20	18	18	20	20	20	19	20	96.22%	98	91	94.49	3.8
1768	8	15	20	18	20	20	20	20	18	20	96.76%	98	90	94.30	3.8
5866	10	15	20	20	20	20	20	20	19	20	99.46%	94	89	94.18	3.8
0869	9	14	20	20	20	20	20	20	18	20	97.84%	101	87	94.14	3.8
0407	9	15	20	20	20	20	18	20	19	20	97.84%	95	90	94.14	3.8
1568	9	14	20	19	18	20	20	20	19	20	96.76%	95	91	94.10	3.8
1091	9	15	20	20	18	20	20	20	20	20	98.38%	99	87	93.95	3.8
6577	9	15	20	18	20	20	18	20	19	20	96.76%	98	89	93.90	3.8
1170	9	15	20	19	20	19	18	20	16	20	95.14%	99	90	93.85	3.8
2218	9	15	19	18	19	20	19	20	17	20	95.14%	99	90	93.85	3.8
3633	9	15	19	19	17	19	19	20	19	20	95.14%	93	93	93.85	3.8
1228	10	15	18	19	20	20	19	17	18	20	95.14%	96	91	93.65	3.7
7281	8	15	20	19	18	20	20	20	16	18	94.05%	96	92	93.62	3.7
2297	9	15	20	20	20	20	20	20	18	15	95.68%	88	94	93.47	3.7
4860	9	15	20	17	20	18	19	20	18	20	95.14%	97	90	93.45	3.7
1486	10	15	17	18	16	19	16	20	19	20	91.89%	99	92	93.36	3.7
1666	9	15	20	19	20	20	20	20	19	20	98.38%	86	92	93.35	3.7
1500	7	15	19	20	19	20	20	20	19	20	96.76%	87	93	93.30	3.7
4349	9	15	20	19	19	19	20	20	20	20	97.84%	80	95	93.14	3.7
6081	8	15	20	19	19	20	18	20	19	20	96.22%	95	89	93.09	3.7
6657	6	15	20	20	18	20	20	20	18	20	95.68%	98	88	93.07	3.7
2149	6	15	20	18	19	20	18	18	20	20	94.05%	99	89	93.02	3.7
1777	9	14	20	18	17	20	20	20	16	20	94.05%	95	91	93.02	3.7
6932	9	15	17	15	20	20	19	20	17	20	92.97%	97	91	92.99	3.7
6999	9	15	20	17	18	20	17	20	17	20	93.51%	95	91	92.81	3.7
9246	7	15	19	19	17	20	16	20	20	20	93.51%	99	89	92.81	3.7
9374	9	14	20	19	20	20	20	20	17	20	96.76%	100	85	92.70	3.7
2713	8	15	20	19	18	20	17	20	19	20	95.14%	91	91	92.65	3.7
4178	9	15	20	19	16	20	19	18	18	20	94.05%	95	90	92.62	3.7
1833	10	15	20	19	18	20	20	16	19	20	95.68%	95	88	92.47	3.7
4909	9	15	20	20	20	19	20	20	19	20	98.38%	99	83	92.35	3.7
1766	9	15	20	18	19	20	18	20	19	20	96.22%	87	91	92.29	3.7
9915	7	15	18	19	19	19	20	20	19	20	95.14%	97	87	92.25	3.7
4857	8	14	17	19	19	20	20	5	18	20	86.49%	96	96	92.19	3.7
6710	9	15	20	20	18	20	19	20	20	20	97.84%	85	90	92.14	3.7
2133	9	14	20	19	19	20	20	20	19	20	97.30%	97	84	91.92	3.6
1670	9	15	20	19	17	20	19	20	19	20	96.22%	79	94	91.89	3.6
3391	8	13	19	19	17	20	19	20	20	18	93.51%	92	90	91.81	3.6
0161	9	15	20	20	17	20	20	20	19	20	97.30%	90	87	91.72	3.6
6443	5	14	20	18	20	20	18	20	19	20	94.05%	90	90	91.62	3.6
0005	9	15	20	19	18	20	20	20	20	20	97.84%	84	89	91.54	3.6
2549	9	15	20	19	19	20	20	17	19	20	96.22%	87	89	91.49	3.6
0854	7	15	20	19	17	20	18	20	17	20	93.51%	96	87	91.41	3.6
4236	10	15	18	19	18	20	20	20	19	20	96.76%	83	90	91.30	3.6
7519	9	15	20	18	17	20	19	20	19	20	95.68%	91	87	91.27	3.6
0246	8	13	20	19	18	20	20	19	16	20	93.51%	99	85	91.21	3.6
5883	10	15	20	20	20	19	20	20	17	20	97.84%	90	85	91.14	3.6
2273	10	14	20	19	19	20	18	20	18	20	96.22%	93	85	91.09	3.6
3910	10	15	18	19	20	20	20	13	19	20	94.05%	89	89	91.02	3.6
4948	6	13	20	19	20	20	19	16	17	20	91.89%	93	89	90.96	3.6
3575	9	15	20	19	20	20	20	20	18	20	97.84%	73	93	90.94	3.6
0152	9	15	20	19	18	20	20	20	19	20	97.30%	80	90	90.92	3.6
7391	8	14	20	20	20	20	18	20	 	15	83.78%	93	97	90.91	3.6
4620	8	15	20	20	20	18	19	20	19	20	96.76%	93	84	90.90	3.6
5983	9	15	20	18	20	20	18	19	18	20	95.68%	99	82	90.87	3.6
3402	7	15	20	19	20	20	20	19	14	20	94.05%	88	89	90.82	3.6
8195	7	15	18	18	20	20	19	20	19	20	95.14%	91	86	90.65	3.5
8844	9	15	20	17	17	19	20	20	19	20	95.14%	81	91	90.65	3.5
5989	9	15	20	17	18	20	20	20	19	12	91.89%	101	84	90.56	3.5
3001	9	15	17	14	20	19	15	20	17	20	89.73%	95	89	90.49	3.5
4537	7	15	19	20	20	20	18	20	18	20	95.68%	93	84	90.47	3.5
8517	9	15	20	19	20	20	20	20	20	20	98.92%	88	83	90.37	3.5
4798	9	14	20	19	20	20	20	17	19	18	95.14%	99	81	90.25	3.5
5955	9	15	19	20	19	19	16	20	18	20	94.59%	90	86	90.24	3.5
3782	5	15	20	19	17	19	20	17	18	20	91.89%	89	89	90.16	3.5
7759	9	15	20	20	20	20	20	20	19	18	97.84%	95	80	90.14	3.5
1737	9	15	20	18	20	20	20	20	15	20	95.68%	87	86	90.07	3.5
9587	8	14	20	19	19	20	18	19	18	20	94.59%	89	86	90.04	3.5
4758	8	15	17	20	17	20	19	20	18	20	94.05%	90	86	90.02	3.5
5114	9	15	20	18	17	20	16	18	20	20	93.51%	101	81	90.01	3.5
0905	9	15	20	19	20	20	19	20	19	20	97.84%	94	80	89.94	3.5
9987	9	15	20	19	17	20	20	20	17	20	95.68%	88	85	89.87	3.5
0878	8	15	20	19	19	18	18	20	17	20	94.05%	89	86	89.82	3.5
4635	9	15	20	19	20	20	20	20	19	20	98.38%	92	80	89.75	3.5
0912	10	15	20	19	17	20	16	20	18	20	94.59%	79	90	89.64	3.5
4293	10	15	20	20	20	20	20	20	20	20	100.00%	68	90	89.60	3.5
2101	8	14	13	15	20	20	18	20	19	20	90.27%	93	87	89.51	3.5
4499	9	15	20	17	20	20	20	18	19	20	96.22%	87	84	89.49	3.5
5559	9	15	19	19	19	20	17	20	18	20	95.14%	82	87	89.25	3.4
1262	9	15	20	18	16	20	19	19	18	20	94.05%	98	80	89.22	3.4
1873	9	14	17	20	13	19	18	20	16	3	80.54%	93	96	89.22	3.4
5854	8	13	20	20	20	19	20	20	18	15	93.51%	89	85	89.21	3.4
3545	9	15	20	19	19	20	19	20	19	20	97.30%	85	83	89.12	3.4
4788	10	14	19	20	19	19	20	19	20	20	97.30%	79	86	89.12	3.4
1097	9	15	20	19	19	19	19	20	18	20	96.22%	85	84	89.09	3.4
0528	10	14	18	19	17	20	13	20	16	20	90.27%	86	89	88.91	3.4
8324	7	14	20	19	17	20	15	14	19	20	89.19%	96	85	88.88	3.4
2215	10	15	20	18	18	20	12	20	19	9	87.03%	94	88	88.81	3.4
0063	7	15	20	19	17	18	17	20	20	20	93.51%	79	89	88.81	3.4
6256	9	15	20	19	 	20	18	20	17	20	85.41%	87	93	88.76	3.4
1899	9	15	20	18	20	19	20	20	19	20	97.30%	89	80	88.72	3.4
4034	9	15	20	19	20	20	19	20	18	20	97.30%	89	80	88.72	3.4
1901	9	15	20	18	20	20	19	20	19	20	97.30%	81	84	88.72	3.4
0171	9	15	20	20	20	20	18	20	18	20	97.30%	91	79	88.72	3.4
0731	9	15	19	20	20	20	17	20	19	20	96.76%	84	83	88.70	3.4
8456	7	15	18	20	20	20	19	20	17	20	95.14%	93	80	88.65	3.4
5897	6	15	20	19	18	20	20	20	18	20	95.14%	95	79	88.65	3.4
6700	9	15	18	18	17	20	19	20	18	20	94.05%	85	85	88.62	3.4
0778	9	15	17	18	16	20	16	20	19	20	91.89%	91	84	88.56	3.4
3995	9	15	18	18	16	20	15	20	16	20	90.27%	88	87	88.51	3.4
4171	8	15	20	20	20	19	18	20	19	20	96.76%	89	80	88.50	3.4
4518	8	15	20	18	20	20	20	20	18	20	96.76%	87	81	88.50	3.4
8842	8	15	20	20	18	20	19	17	17	20	94.05%	77	88	88.22	3.3
2699	9	14	18	20	20	20	20	20	17	15	93.51%	66	94	88.21	3.3
8521	9	15	17	18	15	20	16	20	19	20	91.35%	86	86	88.14	3.3
1069	7	13	18	20	18	19	20	19	18	20	92.97%	92	81	87.99	3.3
8636	9	12	20	18	15	18	10	15	17	20	83.24%	99	87	87.90	3.3
1318	9	15	14	20	19	20	18	20	19	20	94.05%	87	82	87.82	3.3
1842	8	15	18	18	17	18	8	20	17	20	85.95%	89	89	87.78	3.3
0345	10	15	20	18	20	20	19	20	17	20	96.76%	95	75	87.70	3.3
2286	9	15	20	19	19	20	19	20	17	20	96.22%	88	79	87.69	3.3
2830	9	14	20	17	20	19	20	19	19	20	95.68%	87	80	87.67	3.3
0878	7	15	18	20	20	19	19	20	15	20	93.51%	87	82	87.61	3.3
1005	9	14	20	17	19	20	11	19	18	20	90.27%	99	79	87.51	3.3
0759	9	15	18	19	17	19	20	18	19	20	94.05%	89	80	87.42	3.3
3339	7	15	20	20	19	20	19	20	14	20	94.05%	83	83	87.42	3.3
5681	9	15	18	19	19	20	17	20	19	20	95.14%	88	79	87.25	3.3
1705	9	15	20	19	20	19	20	20	16	20	96.22%	95	74	87.09	3.3
2034	9	14	20	18	20	20	20	18	19	18	95.14%	81	82	87.05	3.3
2827	8	13	20	19	20	18	19	20	19	20	95.14%	89	78	87.05	3.3
3542	6	15	20	19	17	20	20	20	18	20	94.59%	86	80	87.04	3.3
4275	9	15	20	18	20	20	20	20	19	20	97.84%	81	79	86.94	3.2
5865	9	15	14	18	17	20	17	19	19	20	90.81%	85	84	86.92	3.2
6452	8	15	20	20	20	20	19	20	18	20	97.30%	82	79	86.92	3.2
4950	9	15	17	18	20	19	17	20	19	20	94.05%	86	80	86.82	3.2
0238	10	15	17	18	19	19	15	20	20	20	93.51%	89	79	86.81	3.2
2350	9	15	20	18	19	 	19	19	19	20	85.41%	95	84	86.76	3.2
7209	7	15	19	19	20	20	20	20	20	20	97.30%	83	78	86.72	3.2
5207	8	14	20	19	18	19	19	20	19	20	95.14%	77	83	86.65	3.2
5952	6	15	17	19	17	19	18	18	17	20	89.73%	93	80	86.49	3.2
6022	8	15	18	19	16	20	16	20	17	20	91.35%	91	79	86.34	3.2
3604	7	15	18	20	20	20	16	19	19	20	94.05%	95	74	86.22	3.2
3738	5	15	20	15	20	20	20	20	18	20	93.51%	86	79	86.21	3.2
2349	7	15	20	18	18	20	19	20	19	20	95.14%	84	78	86.05	3.2
1462	9	15	20	18	17	20	19	20	17	20	94.59%	84	78	85.84	3.1
0522	9	14	18	20	18	19	20	14	18	20	91.89%	93	76	85.76	3.1
4673	9	14	20	20	20	20	20	20	17	20	97.30%	90	72	85.72	3.1
0763	6	15	19	18	20	20	20	20	18	20	95.14%	76	81	85.65	3.1
7061	9	15	20	18	18	19	18	20	18	20	94.59%	93	73	85.64	3.1
6259	9	15	17	19	19	20	19	18	18	20	94.05%	80	80	85.62	3.1
1833	9	15	20	16	15	20	19	20	19	20	93.51%	79	81	85.61	3.1
3094	9	15	17	17	18	19	18	17	17	20	90.27%	79	84	85.51	3.1
9968	9	15	15	16	18	19	12	18	19	20	87.03%	87	83	85.41	3.1
0158	8	15	17	18	19	20	17	20	19	20	93.51%	80	80	85.41	3.1
1603	8	15	20	15	17	19	17	20	18	20	91.35%	88	78	85.34	3.1
2936	10	13	20	19	20	20	18	20	18	20	96.22%	82	76	85.29	3.1
9740	9	15	19	18	15	20	15	10	20	18	85.95%	81	86	84.98	3.0
2020	9	15	13	19	19	19	18	15	18	20	89.19%	96	75	84.88	3.0
7740	9	15	20	17	10	20	17	19	16	18	87.03%	86	82	84.81	3.0
4852	9	15	20	19	15	20	20	20	15	20	93.51%	87	75	84.81	3.0
5846	9	15	20	18	18	19	20	20	19	20	96.22%	85	73	84.69	3.0
3325	9	15	20	17	18	19	18	20	18	20	94.05%	63	86	84.62	3.0
9009	9	15	20	19	20	20	19	20	20	20	98.38%	80	73	84.55	3.0
3785	8	15	18	15	18	20	18	18	17	20	90.27%	86	78	84.51	3.0
5715	 	14	20	18	19	20	17	20	19	20	90.27%	94	74	84.51	3.0
7488	7	13	0	19	16	19	19	20	18	20	81.62%	89	85	84.45	3.0
4435	9	14	20	20	20	20	20	20	14	20	95.68%	84	73	84.27	3.0
4814	8	15	20	20	20	20	19	20	20	20	98.38%	72	76	84.15	3.0
4695	7	15	16	18	18	19	19	18	18	20	90.81%	83	78	84.12	3.0
5959	9	15	20	20	18	20	19	20	19	20	97.30%	86	70	84.12	3.0
0711	9	14	19	19	17	20	20	20	19	20	95.68%	81	74	84.07	3.0
5555	9	15	20	19	19	20	15	13	18	15	88.11%	78	83	84.04	3.0
1740	8	15	19	17	12	20	14	 	18	20	77.30%	99	83	83.92	2.9
1160	10	15	19	19	20	19	20	20	17	20	96.76%	84	71	83.90	2.9
0802	9	14	20	17	16	20	19	20	18	20	93.51%	86	73	83.81	2.9
3379	8	15	20	19	20	20	20	20	19	20	97.84%	87	68	83.74	2.9
0903	7	15	20	19	18	20	20	19	17	20	94.59%	66	81	83.44	2.9
2834	7	14	18	18	20	20	17	20	19	20	93.51%	72	79	83.41	2.9
2175	7	15	20	19	18	18	 	20	19	15	81.62%	83	85	83.25	2.9
4311	10	15	18	18	17	19	17	17	17	20	90.81%	83	75	82.92	2.8
0750	9	15	20	17	20	20	18	20	17	20	95.14%	84	70	82.85	2.8
4331	9	15	20	19	19	20	16	17	18	20	93.51%	83	72	82.81	2.8
2506	9	14	20	16	20	20	19	20	18	20	95.14%	81	71	82.65	2.8
1742	9	15	20	18	19	20	18	16	19	20	94.05%	81	72	82.62	2.8
1809	8	15	18	18	19	19	18	17	12	3	79.46%	90	82	82.58	2.8
0169	9	15	20	19	20	20	20	20	20	20	98.92%	57	78	82.17	2.8
3540	7	15	18	16	17	20	18	16	19	20	89.73%	73	79	82.09	2.8
0860	8	15	20	18	18	19	17	18	18	20	92.43%	81	72	81.97	2.7
8487	6	15	20	12	14	19	19	15	14	20	83.24%	83	80	81.90	2.7
5949	9	15	20	20	18	20	20	17	 	20	85.95%	73	82	81.78	2.7
1930	6	15	20	19	20	20	0	19	18	20	84.86%	83	78	81.75	2.7
7381	8	15	20	19	16	20	16	 	0	20	72.43%	93	85	81.57	2.7
6467	7	15	20	19	18	20	20	18	20	20	95.68%	65	75	81.27	2.7
4096	8	15	16	19	17	19	15	19	15	20	88.11%	80	75	81.24	2.7
1335	9	14	19	19	19	20	15	19	19	20	93.51%	81	69	81.21	2.7
5165	9	 	20	18	20	17	16	6	17	20	77.30%	70	90	80.92	2.6
8103	8	15	20	20	19	19	18	18	17	20	94.05%	70	73	80.82	2.6
0819	8	15	20	18	18	9	14	18	18	20	85.41%	85	74	80.76	2.6
5203	9	14	18	19	20	20	20	20	20	20	97.30%	69	70	80.72	2.6
1827	10	15	19	19	20	20	19	20	18	20	97.30%	81	64	80.72	2.6
3452	9	15	20	19	18	20	19	20	18	20	96.22%	71	70	80.69	2.6
3576	9	15	17	20	18	20	20	20	18	20	95.68%	78	67	80.67	2.6
7525	7	15	0	20	20	20	19	18	18	20	84.86%	87	73	80.55	2.6
4887	9	15	20	20	19	19	16	20	19	20	95.68%	63	74	80.47	2.6
7221	8	15	19	18	17	20	20	20	19	20	95.14%	70	71	80.45	2.6
0016	7	15	19	19	17	20	16	20	18	20	92.43%	73	72	80.37	2.6
7048	8	14	20	20	20	20	20	20	18	20	97.30%	83	62	80.32	2.6
4787	8	13	15	15	14	17	15	18	17	18	81.08%	79	80	80.23	2.6
3367	9	15	20	18	17	17	16	20	17	20	91.35%	76	70	79.74	2.5
9104	10	14	20	18	19	20	19	20	18	20	96.22%	74	66	79.69	2.5
3927	9	13	19	20	18	20	20	9	17	18	88.11%	64	78	79.24	2.5
3026	9	15	17	18	20	20	19	14	18	20	91.89%	80	66	79.16	2.5
8157	7	15	19	19	17	20	18	14	19	20	90.81%	88	63	79.12	2.5
6187	9	14	20	17	20	19	17	 	18	20	83.24%	91	69	79.10	2.5
0269	9	13	17	19	20	20	19	20	18	20	94.59%	72	67	79.04	2.5
4640	8	14	19	17	18	19	20	19	17	20	92.43%	72	69	78.97	2.5
7941	9	14	20	19	20	20	18	17	16	20	93.51%	87	60	78.81	2.4
8535	8	14	20	19	10	20	0	20	17	20	80.00%	82	76	78.80	2.4
1440	6	15	20	19	17	17	18	20	19	20	92.43%	53	78	78.77	2.4
0199	9	15	17	19	15	19	17	18	17	20	89.73%	70	72	78.69	2.4
6032	6	15	15	19	17	20	18	20	19	20	91.35%	80	65	78.54	2.4
8358	8	14	18	14	17	20	17	20	19	20	90.27%	70	71	78.51	2.4
9403	9	15	17	12	17	20	18	20	16	20	88.65%	83	66	78.46	2.4
1507	7	14	14	18	19	20	5	20	19	20	84.32%	75	74	78.33	2.4
2103	10	15	20	19	20	20	20	19	19	20	98.38%	 	97	78.15	2.4
9225	9	14	16	17	20	20	19	20	19	20	94.05%	56	73	78.02	2.4
0634	10	15	19	19	16	16	15	16	19	20	89.19%	87	62	77.88	2.3
8045	9	15	17	18	20	20	19	20	16	20	94.05%	87	57	77.82	2.3
1782	5	15	18	19	12	20	17	20	 	20	78.92%	76	77	77.57	2.3
1594	10	15	20	17	18	19	18	20	17	20	94.05%	53	73	77.42	2.3
6664	9	15	15	11	14	19	12	15	13	20	77.30%	70	81	77.32	2.3
0164	9	15	20	17	16	18	17	20	18	20	91.89%	82	60	77.16	2.3
5994	 	12	17	17	18	19	19	16	0	20	74.59%	86	75	77.04	2.3
8986	10	15	17	19	18	20	17	15	19	20	91.89%	85	58	76.96	2.2
1850	8	14	14	17	19	20	14	20	19	20	89.19%	78	64	76.88	2.2
1768	8	13	20	18	18	19	18	20	18	18	91.89%	72	64	76.76	2.2
0785	9	14	0	20	18	20	15	20	18	20	83.24%	77	70	76.70	2.2
0049	8	13	17	16	20	20	13	18	19	18	87.57%	84	62	76.63	2.2
3209	8	 	20	18	20	20	 	12	15	20	71.89%	73	83	76.56	2.2
7689	9	15	17	18	13	15	19	20	16	20	87.57%	85	61	76.43	2.2
4831	9	15	20	18	17	20	16	20	18	20	93.51%	77	59	76.41	2.2
6577	10	15	19	19	19	17	19	19	13	20	91.89%	67	65	76.16	2.2
2868	9	15	20	19	19	20	14	 	18	20	83.24%	80	67	76.10	2.2
8590	9	14	20	18	19	18	14	16	16	20	88.65%	49	77	76.06	2.2
9359	9	15	0	0	19	19	18	20	19	20	75.14%	72	79	76.05	2.2
3451	6	14	20	20	17	 	14	20	19	20	81.08%	67	75	75.83	2.1
3231	9	15	20	19	17	19	20	20	19	20	96.22%	84	51	75.69	2.1
1833	9	15	20	17	17	18	16	20	19	20	92.43%	69	62	75.57	2.1
1379	6	15	20	18	19	7	17	 	16	20	74.59%	88	70	75.44	2.1
1563	9	14	19	15	18	19	19	19	18	20	91.89%	77	58	75.36	2.1
3633	6	13	20	18	18	19	16	10	17	15	82.16%	67	72	75.06	2.1
4088	7	15	20	19	18	19	19	 	18	20	83.78%	79	64	74.91	2.0
0733	7	15	20	18	14	20	6	19	16	20	83.78%	77	65	74.91	2.0
6303	10	15	19	19	17	17	 	20	18	20	83.78%	84	61	74.71	2.0
1397	6	15	17	20	19	20	19	20	18	20	94.05%	70	57	74.42	2.0
1753	8	15	20	19	18	20	19	18	17	20	94.05%	70	57	74.42	2.0
3564	7	14	20	19	18	20	19	20	17	20	94.05%	54	65	74.42	2.0
2192	8	14	19	16	17	19	8	20	19	20	86.49%	60	69	74.19	2.0
9198	9	15	20	19	18	19	17	19	17	20	93.51%	87	48	74.01	2.0
0656	9	15	18	19	20	20	20	17	19	20	95.68%	62	58	73.87	1.9
3024	9	14	20	18	19	20	17	16	19	18	91.89%	81	52	73.76	1.9
4904	8	15	19	18	18	20	20	 	18	20	84.32%	73	63	73.53	1.9
1551	8	15	13	17	17	20	19	19	18	20	89.73%	68	60	73.49	1.9
1221	9	15	20	19	17	20	18	19	19	6	87.57%	90	51	73.43	1.9
5250	8	14	17	20	16	20	 	19	16	20	81.08%	66	69	73.23	1.9
7954	8	11	18	17	14	19	17	19	17	20	86.49%	59	67	73.19	1.9
8246	9	15	18	18	16	20	 	20	18	20	83.24%	73	63	73.10	1.9
6308	7	15	19	15	17	19	12	1	9	20	72.43%	80	69	72.57	1.8
2413	9	15	16	18	19	20	20	18	14	20	91.35%	68	56	72.54	1.8
5183	7	14	20	19	18	20	6	20	17	20	87.03%	68	60	72.41	1.8
3283	8	14	20	18	16	19	9	15	10	20	80.54%	71	64	72.02	1.8
3284	9	15	19	16	16	19	19	16	15	20	88.65%	71	55	71.66	1.7
5963	7	15	16	18	14	17	18	19	17	20	87.03%	82	51	71.61	1.7
3082	9	15	13	14	17	7	 	7	18	20	64.86%	88	70	71.55	1.7
9025	10	15	19	19	19	20	16	20	18	20	95.14%	83	42	71.45	1.7
1598	6	14	20	19	20	15	 	10	0	20	67.03%	83	70	71.41	1.7
3131	9	15	20	19	19	19	 	20	16	20	84.86%	69	59	71.35	1.7
4193	9	14	20	19	18	20	16	20	16	15	90.27%	74	51	71.31	1.7
9157	7	15	20	 	17	 	 	20	 	18	52.43%	97	77	71.17	1.7
6261	9	14	20	18	17	19	13	6	13	20	80.54%	82	56	71.02	1.7
3640	10	15	15	17	18	19	19	20	19	20	92.97%	71	49	70.99	1.7
7107	6	15	18	18	18	19	11	 	6	20	70.81%	83	64	70.52	1.6
2041	 	14	17	17	14	18	13	 	 	0	50.27%	88	82	70.51	1.6
4284	8	14	20	16	17	19	17	 	19	20	81.08%	60	65	70.43	1.6
4925	6	14	19	20	19	20	20	 	18	20	84.32%	61	61	70.33	1.6
1804	5	15	20	19	20	19	 	 	19	15	71.35%	58	75	70.14	1.6
1327	10	14	0	17	15	19	12	20	17	12	73.51%	62	69	69.41	1.5
1686	7	15	20	0	8	20	12	15	16	20	71.89%	70	66	69.16	1.5
6041	9	15	20	18	16	15	 	 	15	18	68.11%	71	69	69.04	1.5
5718	9	15	20	15	20	17	 	 	 	20	62.70%	81	69	68.88	1.4
1049	7	15	20	19	18	16	8	11	18	20	82.16%	62	59	68.86	1.4
1158	9	15	17	20	20	20	18	20	 	20	85.95%	58	57	68.78	1.4
1354	10	15	14	0	19	19	17	20	18	20	82.16%	73	53	68.66	1.4
2117	9	15	16	14	17	20	14	16	19	20	86.49%	54	58	68.59	1.4
6510	8	15	20	19	20	20	19	20	18	20	96.76%	59	45	68.50	1.4
7866	9	15	20	19	20	20	14	20	4	20	87.03%	82	43	68.41	1.4
0614	10	15	18	18	18	19	19	5	16	20	85.41%	58	56	68.16	1.4
0636	7	15	20	19	16	19	4	14	18	20	82.16%	68	54	68.06	1.4
1709	8	15	20	17	17	20	19	20	18	20	94.05%	68	41	67.62	1.3
5168	9	14	20	18	17	20	20	19	8	20	89.19%	69	45	67.48	1.3
3435	8	15	20	20	20	20	18	18	 	9	80.00%	 	87	66.80	1.3
8506	8	15	20	16	18	19	19	16	15	20	89.73%	68	43	66.69	1.2
4005	9	15	20	19	17	20	12	16	16	20	88.65%	73	41	66.46	1.2
1471	10	15	20	18	19	20	19	15	8	18	87.57%	66	45	66.23	1.2
5337	8	13	17	18	16	19	 	12	14	18	72.97%	73	56	66.19	1.2
1741	6	15	14	19	14	16	12	19	17	20	82.16%	74	46	66.06	1.2
6100	7	15	18	14	19	12	6	 	13	20	67.03%	80	58	66.01	1.2
0458	9	15	15	15	10	19	18	9	18	20	80.00%	62	54	66.00	1.2
3861	9	15	18	16	17	20	14	20	17	18	88.65%	75	37	65.26	1.1
1021	7	15	20	17	18	20	18	20	19	20	94.05%	58	39	64.82	1.1
1036	10	15	18	0	16	19	6	7	16	20	68.65%	75	55	64.46	1.0
7979	9	14	19	17	18	19	19	18	17	20	91.89%	58	40	64.36	1.0
0165	9	15	20	20	20	 	16	20	 	20	75.68%	63	53	64.07	1.0
7478	7	15	20	19	20	15	 	8	8	20	71.35%	68	54	63.74	0.9
3526	9	15	20	19	20	20	20	 	 	20	77.30%	86	39	63.72	0.9
4975	9	15	15	19	20	20	4	 	18	20	75.68%	69	48	63.27	0.9
0165	7	14	18	19	14	20	 	2	18	20	71.35%	79	47	63.14	0.9
8060	10	15	15	18	14	19	4	3	13	15	68.11%	60	59	62.84	0.9
9285	8	13	16	18	18	20	11	12	18	20	83.24%	61	43	62.70	0.9
7160	9	15	20	18	19	20	 	 	3	18	65.95%	98	41	62.38	0.8
4282	7	14	19	17	5	16	15	13	9	20	72.97%	49	58	62.19	0.8
8304	10	15	20	18	13	17	17	8	 	15	71.89%	51	58	62.16	0.8
6295	9	15	17	13	13	10	4	 	6	20	57.84%	73	61	62.14	0.8
4015	9	14	20	19	0	20	8	 	 	12	55.14%	88	56	62.05	0.8
7409	6	14	20	19	19	20	16	20	18	20	92.97%	56	34	61.99	0.8
8466	6	14	20	15	19	12	4	0	13	12	62.16%	75	54	61.46	0.8
7381	9	4	20	19	15	19	15	 	18	20	75.14%	68	43	60.85	0.8
6192	5	12	12	0	16	12	 	8	17	15	52.43%	77	61	60.77	0.8
6602	9	15	20	15	13	16	15	17	15	20	83.78%	47	43	60.11	0.7
5374	9	15	20	17	16	 	8	3	16	20	67.03%	74	45	59.61	0.7
3167	7	15	20	18	18	20	 	12	 	20	70.27%	76	40	59.31	0.7
0091	7	9	18	15	16	20	10	15	18	15	77.30%	51	45	59.12	0.7
0206	9	15	17	18	15	19	17	2	20	18	81.08%	46	40	57.63	0.7
8725	10	15	20	14	17	12	 	7	 	12	57.84%	58	56	57.14	0.7
1720	6	15	17	13	16	17	18	 	14	18	72.43%	52	44	56.97	0.7
3397	8	15	17	16	18	16	 	 	 	15	56.76%	74	48	56.70	0.7
8540	7	15	20	17	13	18	0	20	15	20	78.38%	39	41	55.55	0.0
3078	9	15	0	0	19	19	15	20	19	20	73.51%	62	34	55.41	0.0
9202	7	15	19	18	16	18	18	20	 	20	81.62%	46	33	55.05	0.0
5428	7	15	20	16	20	20	0	19	18	20	83.78%	67	20	54.91	0.0
3841	9	13	17	10	15	19	 	8	 	12	55.68%	55	50	53.27	0.0
4508	7	15	18	17	16	20	9	 	9	18	69.73%	44	39	52.29	0.0
6317	7	12	20	16	18	18	 	 	16	20	68.65%	50	37	52.26	0.0
3191	6	12	17	19	18	18	17	20	16	12	83.78%	48	20	51.11	0.0
5039	7	 	16	17	19	20	17	8	13	18	72.97%	65	22	50.99	0.0
7710	7	15	18	18	19	19	 	 	 	18	61.62%	78	24	49.85	0.0
7980	7	15	20	17	12	20	 	 	12	20	66.49%	46	35	49.79	0.0
8789	7	15	18	18	17	17	4	 	 	20	62.70%	48	36	49.08	0.0
9412	8	15	20	 	16	17	10	 	 	15	54.59%	62	30	46.24	0.0
3504	7	11	17	20	18	20	 	 	10	18	65.41%	50	21	44.56	0.0
2472	8	15	18	13	17	19	11	0	8	20	69.73%	26	28	44.29	0.0
5590	7	 	 	 	 	 	 	 	 	20	14.59%	96	47	43.84	0.0
9205	9	15	20	15	20	19	 	 	4	20	65.95%	37	20	41.78	0.0
5018	9	15	14	17	18	17	3	 	 	20	61.08%	49	18	41.43	0.0
6297	7	15	18	17	18	20	8	 	0	3	57.30%	32	27	40.12	0.0
2409	9	15	18	19	20	20	 	 	 	12	61.08%	74	 	39.23	0.0
8517	7	12	18	13	18	 	 	 	15	18	54.59%	60	9	37.44	0.0
9698	9	14	20	19	15	10	10	 	0	20	63.24%	58	 	36.90	0.0
7498	6	0	20	0	11	18	3	 	 	20	42.16%	47	26	36.66	0.0
4094	9	15	 	19	17	 	13	8	 	20	54.59%	73	 	36.44	0.0
2053	9	0	0	15	14	18	7	7	 	15	45.95%	30	26	34.78	0.0
7318	9	15	 	 	 	 	 	 	10	20	29.19%	40	28	30.88	0.0
0947	7	15	15	18	 	 	 	 	 	18	39.46%	74	 	30.58	0.0
1882	7	13	14	19	17	 	 	 	 	15	45.95%	53	 	28.98	0.0
0098	9	 	 	 	 	20	 	 	 	9	20.54%	31	34	28.02	0.0
2922	9	15	18	19	19	 	 	 	 	15	51.35%	 	 	20.54	0.0
6835	9	15	0	7	6	 	 	 	 	15	28.11%	46	 	20.44	0.0
7753	8	14	19	 	 	 	 	 	 	18	31.89%	19	 	16.56	0.0
1338	0	0	0	0	0	 	 	 	 	12	6.49%	64	 	15.39	0.0
1789	5	15	3	 	 	 	 	 	 	12	18.92%	38	 	15.17	0.0
6286	9	 	 	 	 	 	 	 	 	20	15.68%	43	 	14.87	0.0
2557	 	 	 	 	 	 	 	 	 	9	4.86%	17	22	14.15	0.0
9384	9	 	 	 	 	 	 	 	 	15	12.97%	25	 	10.19	0.0
1842	9	 	 	 	 	 	 	 	 	3	6.49%	 	 	2.59	0.0
4073	 	 	 	 	 	 	 	 	 	0	0.00%	 	 	0.00	0.0

mean	8.4	14.5	18.5	17.9	17.9	19.2	17.1	18.1	17.3	19.0	86.11%	80.2	73.3	78.59	2.54
median	9	15	20	19	18	20	19	20	18	20	93.51%	84.0	79.0	84.07	3.00