
last 4 digits of sid	assign1	assign2	assign3	assign4	assign5	assign6	assign7	assign8	bonus8	Late_Days	explore	weekly %	midterm	final	total	grade
3372	20	20	19	19	20	20	19	30	2	1	0	99.4%	100	100	99.76	4
4211	20	20	19	20	20	20	19	30	 	1	0	98.8%	98	101	99.53	4
0839	19	20	19	19	20	20	20	30	2	1	7	100.8%	95	97	98.11	4
9554	19	16	16	19	20	18	19	26	2	 	7	92.5%	100	101	97.42	4
9041	19	20	20	19	20	18	18	28	 	3	0	95.3%	98	99	97.32	4
1706	20	19	17	18	20	19	18	28	2	 	1	94.9%	96	100	97.16	4
8122	20	20	17	18	20	18	18	30	 	 	0	94.7%	98	99	97.08	4
1054	19	19	18	19	20	18	19	28	2	1	0	95.3%	99	97	96.72	4
2335	19	20	18	19	20	18	20	26	 	3	0	94.1%	95	100	96.65	4
0443	20	19	19	18	18	17	19	29	 	 	0	93.5%	98	99	96.61	4
5293	19	19	20	20	19	19	20	29	2	 	7	99.6%	93	95	96.44	4
0139	18	20	19	20	20	18	20	27	 	2	0	95.3%	98	95	95.72	4
0137	20	18	18	18	16	19	19	27	2	1	0	92.4%	93	100	95.54	4
4516	19	20	18	19	20	18	19	27	2	1	0	95.3%	96	95	95.32	3.9
5049	17	17	18	16	19	19	19	28	2	 	0	91.2%	98	98	95.27	3.9
2478	19	20	19	19	20	18	19	28	 	2	0	95.3%	93	95	94.72	3.9
0365	20	20	19	19	20	19	20	29	 	4	0	97.6%	100	89	94.66	3.9
9442	19	20	20	19	18	20	19	30	2	4	4	99.0%	97	88	94.21	3.9
3916	17	18	18	16	20	18	17	28	 	3	0	89.4%	94	99	94.16	3.9
2442	19	18	19	19	19	19	19	27	 	 	0	93.5%	85	99	94.01	3.9
8124	19	20	18	18	18	19	15	26	 	1	0	90.0%	96	97	94.00	3.9
1364	20	20	20	18	20	19	18	28	 	2	3	96.5%	85	96	93.99	3.9
8183	17	18	18	17	20	15	20	25	 	1	0	88.2%	95	99	93.89	3.9
6219	16	20	19	19	20	19	20	30	2	2	6	98.2%	96	87	93.29	3.8
1768	20	19	20	19	19	17	19	30	 	 	0	95.9%	98	88	93.15	3.8
3595	20	20	20	18	19	20	18	28	2	1	6	98.2%	95	87	93.09	3.8
2977	20	20	19	18	20	20	20	30	 	 	0	98.2%	98	85	92.89	3.8
3379	17	17	19	20	18	14	17	27	 	4	0	87.6%	93	98	92.86	3.8
2148	19	18	18	18	19	15	19	29	 	3	0	91.2%	94	93	92.47	3.8
1250	19	19	19	17	18	19	20	27	 	4	0	92.9%	98	89	92.38	3.8
3527	20	20	19	19	20	18	19	29	2	2	7	99.0%	97	83	92.21	3.8
1495	16	15	19	20	19	17	20	25	 	3	0	88.8%	85	99	92.13	3.8
0933	20	20	18	19	18	19	20	27	 	 	0	94.7%	97	87	92.08	3.8
3856	14	18	19	18	16	18	19	27	2	2	0	88.8%	89	96	91.73	3.8
1398	14	16	18	18	16	17	18	28	 	4	0	85.3%	100	94	91.72	3.8
2165	19	16	18	20	19	20	20	30	2	2	0	96.5%	94	85	91.39	3.8
2280	17	18	19	18	19	17	17	27	 	2	0	89.4%	96	91	91.36	3.8
5667	19	19	16	19	20	20	19	30	 	2	3	95.9%	93	86	91.35	3.8
1691	18	17	16	18	20	17	19	29	2	2	0	91.8%	83	95	91.31	3.8
7875	19	18	17	19	20	16	18	30	 	 	0	92.4%	99	86	91.14	3.7
1088	19	20	19	18	19	19	20	29	2	4	0	97.1%	93	84	91.02	3.7
0478	17	18	19	19	20	16	19	29	 	3	2	92.7%	87	91	90.90	3.7
9763	18	17	18	18	20	18	19	29	 	1	0	92.4%	99	85	90.74	3.7
0147	15	17	14	19	20	18	18	28	 	2	0	87.6%	88	95	90.66	3.7
0859	16	13	19	19	20	20	18	19	 	1	2	85.1%	89	97	90.64	3.7
8119	19	18	18	18	20	16	16	25	 	3	0	88.2%	88	94	90.49	3.7
4897	19	17	18	19	19	19	19	29	 	 	3	94.1%	90	87	90.45	3.7
0453	18	18	17	18	19	17	19	28	 	 	0	90.6%	97	87	90.44	3.7
7639	17	19	19	17	17	20	18	27	 	1	0	90.6%	79	96	90.44	3.7
9925	15	20	19	17	20	17	19	29	2	 	2	93.3%	99	83	90.33	3.7
0419	19	20	18	20	20	16	19	27	 	2	6	94.7%	88	87	90.28	3.7
2948	17	20	16	17	18	16	16	23	 	3	0	84.1%	91	96	90.25	3.7
2091	18	18	18	19	18	17	16	29	 	5	0	90.0%	95	88	90.20	3.7
7974	18	20	14	18	19	18	19	26	 	2	0	89.4%	83	94	89.96	3.6
2059	19	19	18	18	19	18	17	29	 	2	0	92.4%	97	84	89.94	3.6
7070	19	20	17	18	18	20	18	28	2	0	0	94.1%	99	81	89.85	3.6
3198	18	20	16	18	19	18	18	27	 	5	2	91.0%	96	84	89.19	3.6
1203	17	18	17	20	19	18	19	30	 	4	0	92.9%	86	87	89.18	3.6
2878	17	19	18	19	18	17	19	28	2	3	0	92.4%	81	90	89.14	3.6
5440	19	20	19	18	20	17	20	29	 	5	0	95.3%	81	87	89.12	3.6
8607	14	18	17	19	19	16	19	28	 	3	0	88.2%	93	88	89.09	3.6
3776	20	19	18	18	19	20	19	27	 	1	0	94.1%	89	84	89.05	3.6
1593	18	16	18	18	19	15	19	27	 	 	0	88.2%	85	91	88.69	3.6
4224	17	19	18	19	20	17	19	26	 	5	0	91.2%	95	83	88.67	3.6
1653	16	17	18	16	19	13	16	25	2	3	0	83.5%	98	89	88.61	3.6
2685	20	20	18	19	20	19	20	30	 	2	0	97.6%	89	79	88.46	3.6
7884	17	15	18	20	19	15	19	25	 	3	0	87.1%	96	86	88.42	3.6
4180	19	17	19	19	19	18	18	29	 	2	0	92.9%	100	78	88.38	3.6
0029	15	18	16	16	18	17	18	25	 	 	7	85.5%	98	86	88.20	3.5
9700	16	16	19	19	17	19	16	28	 	3	0	88.2%	84	90	88.09	3.5
9066	18	18	19	17	18	17	17	28	 	4	1	89.6%	89	86	88.04	3.5
7353	20	18	18	18	18	17	17	26	 	1	0	89.4%	86	87	87.76	3.5
2203	19	19	20	19	20	19	17	30	 	1	0	95.9%	87	80	87.75	3.5
7495	19	16	18	18	16	20	20	30	 	 	0	92.4%	94	80	87.74	3.5
4316	15	18	20	19	20	16	18	27	 	2	4	90.8%	95	81	87.71	3.5
1613	19	20	17	18	19	18	18	30	 	 	2	93.9%	80	85	87.57	3.5
1019	17	14	14	16	16	18	19	29	 	4	0	84.1%	97	86	87.45	3.5
3999	17	20	20	18	20	17	18	29	 	5	0	93.5%	95	77	87.21	3.5
3671	18	18	20	15	18	18	16	27	2	4	2	89.8%	85	85	86.92	3.5
4349	18	18	19	19	16	17	15	21	 	1	0	84.1%	82	92	86.85	3.5
2376	15	19	18	20	17	18	19	28	 	2	0	90.6%	83	85	86.84	3.5
8250	20	17	19	20	20	17	19	22	 	4	2	91.0%	92	80	86.79	3.5
2087	19	15	18	18	18	17	18	28	 	 	0	88.8%	100	78	86.73	3.5
0325	18	18	19	16	19	19	19	26	0	2	0	90.6%	90	81	86.64	3.5
2617	18	17	18	17	20	20	20	25	2	5	0	92.4%	82	83	86.54	3.5
5156	18	17	19	19	19	20	16	23	 	3	0	88.8%	95	80	86.53	3.5
3914	13	17	16	16	17	17	19	26	 	5	0	82.9%	90	88	86.38	3.5
8444	17	18	12	16	18	17	20	28	 	2	0	85.9%	78	91	86.35	3.5
5401	17	17	14	19	17	12	16	25	2	 	3	82.4%	95	86	86.34	3.5
6808	19	19	18	20	20	18	18	28	 	5	0	94.1%	83	80	86.25	3.5
3186	18	19	17	19	17	19	20	27	 	4	0	91.8%	93	77	86.11	3.5
6264	17	14	18	19	18	19	18	27	 	5	0	88.2%	90	82	86.09	3.5
5620	19	17	16	18	18	17	20	25	 	 	0	88.2%	96	79	86.09	3.5
8487	16	16	18	17	19	17	18	27	 	4	0	87.1%	95	80	85.82	3.4
7571	19	14	16	15	19	17	15	27	 	1	0	83.5%	96	83	85.81	3.4
1762	13	18	18	14	19	18	20	28	 	5	3	87.6%	89	82	85.66	3.4
5354	18	20	16	16	20	19	16	29	 	 	0	90.6%	91	78	85.64	3.4
0696	18	18	16	18	18	13	18	26	2	1	0	86.5%	83	86	85.59	3.4
1314	17	17	17	19	19	18	18	27	 	0	0	89.4%	75	87	85.56	3.4
3078	19	15	19	20	20	19	20	27	2	4	3	95.3%	93	72	85.52	3.4
3219	20	19	17	16	18	19	19	19	1	5	0	87.1%	83	85	85.42	3.4
0639	18	15	16	20	18	19	17	27	 	 	0	88.2%	82	84	85.29	3.4
3368	18	20	18	20	20	18	17	29	 	2	0	94.1%	88	75	85.25	3.4
0524	18	18	20	20	19	19	20	30	 	5	0	96.5%	79	77	85.19	3.4
3000	18	18	16	18	19	14	19	29	 	5	0	88.8%	84	82	85.13	3.4
3025	15	16	18	20	18	18	15	28	 	2	3	87.6%	86	82	85.06	3.4
7832	17	15	19	19	19	17	19	25	 	 	4	89.0%	87	80	85.01	3.4
0625	18	18	19	19	20	17	19	30	2	2	0	95.3%	60	87	84.92	3.3
9509	18	19	18	16	19	14	19	27	 	2	4	89.0%	80	83	84.81	3.3
1598	19	20	15	16	17	18	17	29	 	 	0	88.8%	96	75	84.73	3.3
2148	17	14	19	18	19	18	17	29	 	4	0	88.8%	88	79	84.73	3.3
1504	19	19	19	17	20	16	 	26	2	3	0	81.2%	91	85	84.67	3.3
0977	20	18	19	17	19	20	18	26	 	1	0	92.4%	78	79	84.14	3.3
5114	17	19	18	20	19	16	19	27	 	3	0	91.2%	78	80	84.07	3.3
3443	13	18	18	16	17	16	19	26	 	3	0	84.1%	84	84	84.05	3.3
0061	16	14	13	15	18	16	16	28	 	2	0	80.0%	96	82	84.00	3.2
8098	14	17	17	18	18	18	18	29	 	2	0	87.6%	84	80	83.86	3.2
1062	20	19	18	19	20	16	20	28	 	3	0	94.1%	75	78	83.85	3.2
0859	14	18	17	17	13	16	17	25	 	 	0	80.6%	88	85	83.84	3.2
0359	17	17	16	17	20	19	19	29	 	1	0	90.6%	78	80	83.84	3.2
1279	17	20	19	20	20	18	20	29	 	5	0	95.9%	67	80	83.75	3.2
1530	15	19	20	15	11	17	18	19	 	3	0	78.8%	81	90	83.73	3.2
2207	13	13	17	18	17	15	16	28	 	3	0	80.6%	91	83	83.64	3.2
7772	17	18	11	18	20	17	18	28	 	4	0	86.5%	87	79	83.59	3.2
7314	13	17	12	16	17	19	20	28	 	3	0	83.5%	91	79	83.21	3.2
0135	17	13	19	19	19	14	16	28	 	5	0	85.3%	81	82	83.12	3.2
0120	17	18	18	20	20	16	19	15	 	5	0	84.1%	85	81	83.05	3.2
5856	17	15	17	18	19	15	19	27	 	4	0	86.5%	83	79	82.79	3.1
2330	15	17	18	17	20	17	16	30	 	5	0	88.2%	83	77	82.69	3.1
0144	15	19	19	18	17	14	15	27	 	5	1	84.9%	89	77	82.56	3.1
7546	16	19	15	15	18	15	19	28	 	1	0	85.3%	78	82	82.52	3.1
4166	17	15	18	18	19	19	15	24	 	1	0	85.3%	87	77	82.32	3.1
9195	15	17	17	18	17	17	18	30	 	5	0	87.6%	80	78	82.26	3.1
2267	19	15	18	19	17	16	19	26	 	5	0	87.6%	74	81	82.26	3.1
6451	15	12	18	19	18	19	17	28	 	3	0	85.9%	81	79	82.15	3.1
3023	20	18	20	18	18	19	18	28	 	5	0	93.5%	75	74	82.01	3.1
1736	15	11	19	19	19	18	19	27	 	5	0	86.5%	85	76	81.99	3
4590	16	16	13	15	12	14	19	29	 	5	0	78.8%	92	80	81.93	3
2148	17	17	16	16	18	16	17	28	 	5	0	85.3%	77	81	81.92	3
2104	19	17	19	18	19	16	16	28	 	2	0	89.4%	96	67	81.76	3
5768	18	11	15	19	19	13	18	21	 	4	0	78.8%	89	81	81.73	3
9181	18	15	17	16	20	17	15	25	 	 	0	84.1%	88	76	81.65	3
3135	18	20	11	18	15	18	17	26	 	2	0	84.1%	86	77	81.65	3
7861	17	16	18	16	18	14	17	28	 	2	0	84.7%	76	81	81.48	3
2542	17	19	19	18	18	14	19	29	 	3	0	90.0%	81	73	81.40	3
0372	18	19	18	18	20	17	17	28	 	1	0	91.2%	84	70	81.27	3
1968	19	13	18	19	17	12	16	28	 	5	0	83.5%	87	76	81.21	3
0659	16	15	16	17	15	15	16	26	 	1	0	80.0%	80	83	81.20	3
8792	12	12	17	16	16	18	18	29	0	3	1	81.4%	87	78	81.15	3
0821	13	11	15	19	19	18	19	27	 	3	0	82.9%	72	83	80.78	2.9
0849	16	18	16	19	16	16	17	26	 	 	1	84.9%	78	78	80.76	2.9
0898	15	15	15	18	15	19	17	24	 	5	0	81.2%	79	81	80.67	2.9
3985	17	18	17	16	15	14	 	28	 	0	0	73.5%	90	83	80.61	2.9
0869	17	20	18	17	15	15	16	27	 	3	0	85.3%	70	81	80.52	2.9
2458	18	18	19	18	17	17	16	27	 	5	0	88.2%	90	68	80.49	2.9
2613	19	14	17	16	19	17	18	29	 	5	0	87.6%	69	79	80.46	2.9
5897	15	20	17	19	19	20	19	26	 	5	0	91.2%	69	75	80.27	2.9
1057	13	11	18	17	19	15	18	27	 	4	0	81.2%	70	84	80.07	2.9
0793	17	15	17	16	11	16	14	26	 	 	0	77.6%	85	80	80.06	2.9
7376	15	15	18	18	18	17	19	27	2	2	0	87.6%	73	76	80.06	2.9
1874	15	18	20	18	20	18	17	28	 	2	0	90.6%	75	72	80.04	2.9
0985	20	18	15	17	20	18	15	28	 	5	0	88.8%	70	76	79.93	2.8
6440	16	17	14	18	16	18	15	24	 	5	0	81.2%	77	80	79.87	2.8
3185	16	17	15	19	15	15	19	26	 	1	0	83.5%	84	74	79.81	2.8
0955	17	17	18	18	16	15	19	27	 	4	0	86.5%	68	79	79.79	2.8
6694	17	14	18	15	16	16	17	28	 	5	0	82.9%	81	76	79.78	2.8
3225	18	17	17	16	19	16	19	29	 	5	0	88.8%	61	80	79.73	2.8
6053	15	19	15	19	18	19	18	30	 	1	0	90.0%	72	73	79.60	2.8
9458	19	17	14	19	17	17	16	21	 	 	0	82.4%	85	74	79.54	2.8
9702	20	20	17	17	19	20	20	28	 	5	0	94.7%	78	65	79.48	2.8
2198	17	19	17	16	18	16	18	28	 	5	0	87.6%	74	74	79.46	2.8
8400	17	17	19	13	18	14	16	29	 	 	0	84.1%	81	74	79.45	2.8
2496	18	16	16	19	18	16	17	28	 	5	0	87.1%	75	74	79.42	2.8
1081	12	17	18	15	17	18	13	24	 	5	0	78.8%	91	74	79.33	2.8
1726	17	14	17	17	15	11	19	26	 	3	0	80.0%	84	76	79.20	2.8
2962	17	18	16	19	18	14	17	28	 	5	0	86.5%	69	77	79.19	2.8
5386	17	18	17	18	19	18	16	24	 	 	0	86.5%	77	73	79.19	2.8
2271	20	14	18	19	19	18	19	25	 	 	0	89.4%	69	74	79.16	2.8
7002	18	13	14	15	17	15	17	29	 	2	0	81.2%	77	78	79.07	2.8
4659	17	16	17	19	19	16	18	28	 	5	5	89.2%	66	75	78.89	2.7
2115	17	13	15	17	19	18	13	25	 	2	0	80.6%	89	72	78.84	2.7
6349	20	18	17	14	17	15	19	27	 	2	0	86.5%	75	73	78.79	2.7
0810	15	15	17	14	18	18	15	27	 	1	0	81.8%	74	78	78.71	2.7
7205	15	12	17	18	18	15	18	17	 	5	0	76.5%	76	82	78.59	2.7
9978	15	19	15	17	14	16	18	27	 	3	0	82.9%	79	74	78.58	2.7
0956	18	18	17	18	20	19	19	27	 	5	0	91.8%	75	67	78.51	2.7
5389	19	18	17	17	18	17	18	29	 	 	0	90.0%	56	78	78.40	2.7
0664	18	18	15	14	12	17	15	26	 	5	0	79.4%	79	77	78.36	2.7
8604	13	15	17	19	19	13	15	27	 	 	0	81.2%	81	74	78.27	2.7
0142	17	16	19	18	19	16	20	27	 	3	1	89.6%	74	69	78.24	2.7
2015	15	17	19	19	19	16	17	23	 	2	0	85.3%	70	75	78.12	2.7
0722	16	17	18	19	18	16	19	24	 	1	0	86.5%	81	68	77.99	2.6
4415	18	19	15	18	19	15	16	25	 	2	0	85.3%	70	74	77.72	2.6
1583	17	19	17	18	19	18	18	27	 	5	1	90.2%	49	79	77.48	2.6
9948	16	18	18	18	20	18	20	27	 	3	0	91.2%	77	64	77.47	2.6
2770	12	18	17	20	16	17	17	23	 	5	0	82.4%	90	66	77.34	2.6
0634	17	16	19	18	19	15	18	27	 	3	0	87.6%	81	65	77.26	2.6
1951	16	17	18	20	16	18	17	8	 	4	0	76.5%	83	75	77.19	2.6
1770	15	14	18	16	18	18	17	30	 	3	0	85.9%	74	70	77.15	2.6
2106	19	17	16	17	19	14	18	26	 	5	0	85.9%	71	71	76.95	2.5
4175	13	14	13	15	18	15	18	28	 	 	0	78.8%	69	79	76.93	2.5
1772	17	17	16	17	19	19	14	24	 	 	0	84.1%	78	69	76.85	2.5
5469	15	17	16	17	19	16	18	8	 	5	0	74.1%	73	81	76.65	2.5
1066	17	17	16	16	15	16	18	24	 	3	0	81.8%	79	70	76.51	2.5
1271	16	18	17	20	17	16	18	28	 	5	0	88.2%	73	66	76.29	2.5
0811	15	15	18	20	18	19	18	28	 	4	0	88.8%	63	70	76.13	2.5
7254	15	13	14	14	15	16	16	24	 	5	0	74.7%	75	78	76.08	2.5
2619	20	18	16	19	19	13	10	28	2	5	3	85.9%	74	67	75.95	2.4
3614	17	19	17	14	15	11	11	24	 	 	0	75.3%	89	70	75.92	2.4
3921	15	16	14	12	16	17	15	13	 	1	0	69.4%	86	77	75.76	2.4
0502	14	16	13	16	15	13	18	27	 	5	0	77.6%	82	70	75.46	2.4
0907	10	12	13	15	16	16	16	26	 	4	0	72.9%	78	76	75.18	2.4
5233	13	18	18	17	19	15	18	21	 	5	0	81.8%	68	72	75.11	2.4
4116	18	17	18	18	17	19	20	28	 	1	0	91.2%	55	69	75.07	2.4
1046	16	 	16	15	18	16	16	26	 	5	0	72.4%	83	73	74.74	2.3
3240	15	16	14	18	18	16	18	25	 	5	0	82.4%	73	67	74.34	2.3
1531	18	10	17	16	19	17	19	27	 	2	0	84.1%	63	70	74.25	2.3
0847	15	12	16	15	20	16	17	26	 	3	0	80.6%	72	69	74.24	2.3
8277	19	 	17	19	16	18	19	25	 	1	0	78.2%	78	68	74.09	2.3
5061	14	15	11	14	12	14	20	25	 	5	0	73.5%	69	77	74.01	2.3
4809	17	19	20	17	19	16	18	18	 	5	3	85.3%	57	71	73.92	2.2
2085	13	14	16	17	12	16	12	25	 	4	0	73.5%	72	75	73.81	2.2
4623	14	14	12	15	18	17	19	15	 	5	0	72.9%	66	76	72.78	2.1
4421	15	18	17	17	12	13	17	25	 	 	0	78.8%	74	66	72.73	2.1
1848	18	12	14	18	16	11	17	13	 	5	1	70.2%	69	77	72.68	2.1
2925	11	17	17	18	17	15	17	27	 	5	0	81.8%	63	68	72.51	2.1
2737	13	18	16	15	18	14	15	19	 	 	0	75.3%	69	71	72.32	2.1
3226	16	8	15	14	17	16	17	18	 	5	0	71.2%	65	77	72.27	2.1
7675	19	 	16	19	12	18	17	21	 	5	0	71.8%	83	67	72.11	2.1
2321	18	19	15	15	15	16	19	17	 	5	0	78.8%	57	72	71.73	2
0976	16	16	17	11	15	16	18	 	 	5	0	64.1%	82	74	71.65	2
0716	14	18	12	12	13	17	12	24	 	4	0	71.8%	74	70	71.51	2
2978	13	14	14	15	14	14	15	4	 	 	0	60.6%	86	75	71.44	2
0630	20	18	18	19	20	19	18	25	 	4	0	92.4%	58	57	71.34	2
4320	16	11	18	20	18	17	18	25	 	3	0	84.1%	55	66	71.05	2
4354	15	17	16	18	18	18	16	24	 	 	0	83.5%	62	63	71.01	2
4009	14	13	13	15	17	13	14	21	 	5	0	70.6%	69	71	70.44	1.9
1576	15	15	7	18	18	9	16	9	 	3	0	62.9%	78	73	69.98	1.8
0468	16	17	15	18	17	10	17	 	 	5	0	64.7%	83	68	69.68	1.8
5531	17	18	19	17	17	14	18	25	 	5	0	85.3%	51	63	69.52	1.8
7564	15	16	14	17	19	15	17	26	 	4	0	81.8%	62	61	69.51	1.8
0444	16	13	18	17	14	9	16	15	 	5	0	69.4%	62	73	69.36	1.8
0503	18	12	15	18	0	17	16	29	 	4	0	73.5%	75	61	68.81	1.7
0308	14	13	0	15	16	14	16	25	 	4	0	66.5%	75	68	68.79	1.7
5795	19	5	14	18	15	13	17	25	 	5	0	74.1%	57	69	68.65	1.7
5174	20	14	2	16	14	15	8	16	 	5	0	61.8%	84	67	68.31	1.7
1570	16	10	15	14	16	15	7	12	 	5	0	61.8%	68	75	68.31	1.7
0207	18	11	13	19	16	18	14	25	 	3	0	78.8%	62	60	67.93	1.6
0443	17	16	17	19	19	17	15	27	 	1	0	86.5%	48	59	67.79	1.6
0810	19	16	12	16	19	17	17	15	 	5	0	77.1%	44	70	67.62	1.6
4827	14	10	10	18	8	14	12	26	 	5	0	65.9%	49	78	67.35	1.6
4139	12	13	15	15	19	13	14	21	 	5	0	71.8%	67	63	67.31	1.6
0738	12	15	12	16	14	8	16	11	 	3	0	61.2%	75	68	66.67	1.5
9523	15	14	17	17	17	16	14	27	 	3	0	80.6%	53	59	66.44	1.5
1131	18	11	15	 	13	12	13	21	 	5	0	60.6%	71	69	66.04	1.5
2657	15	12	18	18	13	14	18	22	 	5	0	76.5%	67	54	65.59	1.4
6925	19	17	17	17	12	9	7	24	 	5	0	71.8%	72	54	64.71	1.3
2448	16	17	17	16	18	15	19	30	 	5	0	87.1%	31	59	64.62	1.3
5515	16	13	19	16	 	18	15	26	 	5	0	72.4%	64	56	64.14	1.3
2326	20	19	8	20	19	 	 	 	 	5	4	51.4%	89	64	63.95	1.2
4630	17	10	13	19	15	12	16	 	 	5	0	60.0%	72	63	63.60	1.2
5033	10	7	16	17	11	12	9	16	 	5	0	57.6%	74	62	62.66	1.1
1082	14	12	11	12	5	6	9	26	 	5	0	55.9%	76	62	62.35	1.1
8269	19	8	19	18	10	12	13	7	 	5	1	62.5%	57	64	62.02	1.1
4018	15	13	12	10	5	12	11	26	 	5	0	61.2%	48	67	60.87	0.9
1252	15	11	8	18	19	14	13	22	 	4	0	70.6%	67	48	60.84	0.9
7551	14	13	16	16	20	14	16	 	 	5	0	64.1%	72	50	60.05	0.9
2234	14	2	0	16	17	13	13	15	 	5	0	52.9%	85	50	58.18	0.7
6244	5	6	4	14	17	17	18	15	 	5	0	56.5%	47	63	57.19	0.7
0797	18	12	12	16	17	 	5	27	 	5	0	62.9%	42	59	57.18	0.7
8817	 	13	10	12	12	11	 	 	 	5	0	34.1%	61	75	55.85	0.7
1532	15	15	 	15	16	8	12	 	 	5	0	47.6%	81	50	55.26	0
8948	16	13	15	17	0	15	11	12	 	5	0	58.2%	33	61	54.29	0
4506	14	17	14	16	19	15	16	24	 	4	0	79.4%	37	35	53.16	0
4423	18	15	18	18	 	 	 	 	 	5	0	40.6%	85	49	52.84	0
7355	14	13	9	17	0	0	12	12	 	5	0	45.3%	48	62	52.52	0
0611	12	0	4	16	16	8	 	 	 	5	0	32.9%	71	60	51.38	0
4171	10	10	14	17	11	4	10	9	 	5	0	50.0%	55	49	50.60	0
8038	16	16	17	19	6	2	9	28	 	5	0	66.5%	22	48	50.19	0
0803	16	12	15	14	18	17	 	24	 	5	0	68.2%	52	29	49.29	0
9795	16	17	16	 	 	14	2	 	 	5	0	38.2%	69	43	46.29	0
3634	16	19	15	15	15	13	16	15	 	5	0	72.9%	81	 	45.38	0
2553	10	 	0	13	0	0	19	 	 	 	0	24.7%	67	55	45.28	0
6111	15	8	4	12	0	11	 	 	 	4	0	29.4%	58	53	44.56	0
0752	13	4	17	11	5	 	 	 	 	5	0	29.4%	67	41	41.56	0
9910	17	 	16	12	3	 	 	 	 	5	2	28.6%	44	49	39.85	0
1519	10	 	11	 	 	 	 	 	 	5	0	12.4%	63	40	33.54	0
4835	14	10	7	 	 	 	 	 	 	5	0	18.2%	62	32	32.49	0
6866	 	4	14	 	 	0	0	0	 	5	0	10.6%	53	43	32.04	0
2898	11	14	9	11	8	0	 	 	 	5	0	31.2%	52	13	28.07	0
3061	12	9	14	18	15	 	 	 	 	4	0	40.0%	55	 	27.00	0
9670	18	 	 	 	 	 	 	 	 	1	0	10.6%	33	21	19.24	0
0781	9	1	0	12	 	0	 	 	 	5	0	12.9%	66	 	18.38	0
3489	14	 	 	 	 	 	 	 	 	5	0	8.2%	73	 	17.89	0
7217	20	14	12	14	 	 	 	 	 	3	0	35.3%	 	 	14.12	0
2338	5	10	0	0	0	 	 	 	 	5	0	8.8%	47	 	12.93	0
4528	15	2	2	10	10	 	 	 	 	2	0	22.9%	14	 	11.98	0
7167	14	12	7	14	 	 	 	 	 	1	0	27.6%	 	 	11.06	0
2603	13	 	3	1	 	 	 	 	 	5	0	10.0%	35	 	11.00	0
0550	17	 	 	 	 	 	 	 	 	 	0	10.0%	33	 	10.60	0
2197	 	 	 	 	 	 	 	 	 	 	0	0.0%	52	 	10.40	0
3928	12	 	 	 	 	 	 	 	 	 	0	7.1%	22	 	7.22	0
7324	13	13	4	 	 	 	 	 	 	1	0	17.6%	 	 	7.06	0
0997	10	0	10	 	 	 	 	 	 	5	2	12.2%	 	 	4.86	0
2876	7	 	 	 	 	 	 	 	 	5	0	4.1%	 	 	1.65	0
1046	 	 	 	 	 	 	 	 	 	 	0	0.0%	 	 	0.00	0
3616	 	 	 	 	 	 	 	 	 	 	0	0.0%	 	 	0.00	0

mean	16.5	16.0	16.0	17.2	17.1	16.0	17.1	25.4	1.8	3.5	0.4	78.0%	78.4	76.6	75.5	2.6
median	17	17	17	18	18	17	18	27	2	4	0	85.3%	81	78	80.52	2.9