last 4 digits of sid	assign1	assign2	assign3	assign4	assign5	assign6	assign7	assign8	Late_Days	section	explore	weekly %	midterm	final	total	grade
4897	9	16	20	20	20	20	20	19	 	20	1.67	99.80%	101	99	99.72	4.0
1768	9	16	20	20	20	20	20	19	 	20	0.00	98.80%	101	100	99.72	4.0
9442	10	16	20	20	19	20	20	20	2	20	0.00	99.40%	100	98	98.96	4.0
1203	10	16	20	19	20	19	20	19	3	20	0.00	98.19%	101	98	98.68	4.0
2059	9	16	20	20	20	20	20	19	1	20	0.00	98.80%	99	98	98.52	4.0
0365	10	16	20	18	18	20	20	19	3	20	0.00	96.99%	98	100	98.40	4.0
4211	10	16	20	19	19	20	20	19	 	20	0.00	98.19%	97	99	98.28	4.0
1706	10	15	20	20	19	20	19	19	 	20	0.67	97.99%	101	97	98.20	4.0
0673	10	16	20	20	20	20	20	19	1	20	0.33	99.60%	96	97	97.84	4.0
5049	8	16	20	18	19	20	18	18	 	20	2.00	95.78%	101	98	97.71	4.0
3372	8	16	20	20	19	19	20	20	1	20	0.00	97.59%	100	96	97.44	4.0
9605	10	16	20	20	20	19	19	20	 	20	0.00	98.80%	101	94	97.32	4.0
9681	10	16	20	20	19	20	19	19	 	20	0.33	98.39%	97	96	97.16	4.0
2091	9	16	20	20	20	20	20	19	 	20	0.00	98.80%	90	99	97.12	4.0
2977	8	16	20	20	19	20	19	20	 	20	0.00	97.59%	94	98	97.04	4.0
1504	10	16	20	20	18	17	18	20	 	20	0.00	95.78%	97	98	96.91	4.0
1019	9	15	16	20	20	20	19	18	 	20	0.00	94.58%	93	101	96.83	4.0
1250	9	16	20	19	17	19	19	20	1	20	1.00	96.39%	99	96	96.75	4.0
0029	9	16	19	19	19	18	20	19	 	20	2.00	96.99%	99	95	96.60	4.0
2280	10	16	17	19	19	19	19	20	1	20	0.33	95.98%	97	97	96.59	4.0
9554	8	16	15	19	19	18	19	20	 	20	2.00	93.98%	95	100	96.59	4.0
7353	8	16	20	20	20	19	20	19	 	20	0.00	97.59%	95	96	96.44	3.9
1867	10	16	20	19	19	18	20	19	4	20	0.00	96.99%	90	99	96.40	3.9
0625	8	15	20	18	20	18	20	20	 	20	0.00	95.78%	98	96	96.31	3.9
4369	9	16	20	19	18	19	19	18	1	20	0.00	95.18%	97	97	96.27	3.9
8487	9	15	18	18	20	18	19	19	4	20	0.33	94.18%	95	99	96.27	3.9
0933	10	16	20	20	19	16	18	17	3	20	0.00	93.98%	95	99	96.19	3.9
5768	10	16	19	19	20	20	18	18	 	20	0.00	96.39%	92	98	96.15	3.9
3999	9	16	20	20	19	19	17	19	 	20	0.00	95.78%	95	97	96.11	3.9
8417	9	16	20	20	20	19	17	17	 	20	0.00	95.18%	96	97	96.07	3.9
7772	10	16	20	20	18	18	20	18	4	20	1.33	97.19%	93	96	95.88	3.9
1691	8	16	20	20	20	19	19	17	2	20	0.00	95.78%	97	95	95.71	3.9
4516	9	16	20	20	19	20	20	19	2	20	0.00	98.19%	100	91	95.68	3.9
2478	10	16	20	20	20	18	20	19	 	20	0.67	98.59%	97	92	95.64	3.9
9700	10	15	19	19	19	19	19	20	5	20	0.00	96.39%	99	93	95.55	3.9
8122	8	16	20	20	19	18	20	19	 	20	0.67	96.79%	94	95	95.51	3.9
0116	9	16	20	20	20	18	19	20	2	20	0.00	97.59%	92	95	95.44	3.9
8831	10	16	20	20	19	20	20	16	5	20	0.00	96.99%	85	99	95.40	3.9
5412	10	16	20	19	20	20	20	20	2	20	0.00	99.40%	90	94	95.36	3.9
2542	10	16	20	19	19	19	19	18	 	20	0.67	96.79%	91	96	95.31	3.9
9978	10	15	20	19	20	19	18	18	1	20	0.00	95.78%	97	94	95.31	3.9
1968	10	16	19	20	18	20	18	18	5	20	0.00	95.78%	93	96	95.31	3.9
1719	10	16	19	18	19	20	19	18	1	20	0.00	95.78%	93	96	95.31	3.9
7548	9	16	20	20	16	18	18	19	 	20	0.00	93.98%	92	98	95.19	3.8
1660	10	16	19	20	19	19	18	18	 	20	0.00	95.78%	98	93	95.11	3.8
0137	10	16	20	20	19	20	20	16	2	20	0.00	96.99%	99	91	95.00	3.8
1598	9	16	20	20	18	16	18	19	 	20	0.00	93.98%	99	94	94.99	3.8
3025	9	16	20	20	18	19	17	19	5	20	0.33	95.38%	96	94	94.95	3.8
4809	10	16	17	18	20	19	18	17	 	20	0.67	93.78%	95	96	94.91	3.8
8183	10	16	20	20	20	19	19	18	2	20	0.00	97.59%	97	91	94.84	3.8
9041	9	16	20	19	20	19	20	18	 	20	0.00	96.99%	92	94	94.80	3.8
0453	10	16	20	20	19	18	19	18	1	20	0.00	96.39%	95	93	94.75	3.8
7070	9	16	20	20	19	19	19	20	4	20	1.00	98.19%	97	90	94.68	3.8
0904	9	16	20	19	16	19	20	19	 	20	0.00	95.18%	95	94	94.67	3.8
2165	10	16	20	20	20	18	19	17	2	20	0.00	96.39%	94	93	94.55	3.8
9502	10	16	20	17	17	19	17	18	3	20	0.00	92.77%	93	97	94.51	3.8
1054	10	16	20	19	20	20	20	17	 	20	1.00	98.19%	96	90	94.48	3.8
7314	6	16	20	18	20	19	19	20	4	20	0.00	95.18%	88	97	94.47	3.8
2203	9	16	20	19	19	17	18	20	 	20	0.00	95.18%	96	93	94.47	3.8
2745	9	16	18	19	19	19	17	17	2	20	2.33	94.18%	94	95	94.47	3.8
7639	10	16	20	20	20	20	19	19	2	18	0.00	97.59%	95	91	94.44	3.8
0478	9	16	17	19	18	19	19	19	 	20	1.00	94.58%	95	94	94.43	3.8
1613	9	16	20	20	19	19	19	19	 	20	0.00	96.99%	94	92	94.40	3.8
0359	9	16	20	20	18	18	20	20	 	20	0.00	96.99%	90	94	94.40	3.8
2321	9	16	20	19	20	18	19	20	5	18	0.00	95.78%	92	94	94.31	3.7
3368	9	15	17	20	19	20	19	17	 	20	0.33	94.18%	97	93	94.27	3.7
1364	9	16	20	20	19	18	20	20	 	20	0.00	97.59%	92	92	94.24	3.7
1061	9	16	20	20	19	19	20	19	5	20	0.00	97.59%	88	94	94.24	3.7
4166	8	16	20	19	19	18	17	18	 	20	0.00	93.37%	98	93	94.15	3.7
0147	10	15	19	18	17	18	19	19	 	20	0.00	93.37%	92	96	94.15	3.7
0791	10	16	14	19	18	17	18	17	1	20	0.00	89.76%	91	100	94.10	3.7
3185	9	16	20	19	18	20	18	18	 	20	0.00	95.18%	94	93	94.07	3.7
6451	9	16	19	20	20	18	13	18	1	20	0.00	92.17%	96	95	94.07	3.7
4423	9	16	17	20	17	19	18	20	 	20	0.00	93.98%	92	95	93.99	3.7
6219	9	16	20	20	19	19	20	18	 	20	2.00	98.19%	95	89	93.88	3.7
4506	9	15	19	17	19	17	19	18	1	20	0.00	92.17%	93	96	93.87	3.7
8250	10	16	20	19	19	19	20	19	3	20	0.00	97.59%	98	88	93.84	3.7
2085	10	16	17	20	18	18	18	20	2	20	0.00	94.58%	90	95	93.83	3.7
3161	10	16	20	18	20	17	20	18	 	20	0.33	95.98%	91	93	93.79	3.7
1771	10	16	20	20	18	19	19	18	3	20	0.00	96.39%	92	92	93.75	3.7
0915	10	16	20	19	20	17	18	19	3	20	0.00	95.78%	95	91	93.71	3.7
1593	10	16	20	19	19	20	19	19	1	20	1.00	98.19%	100	86	93.68	3.7
0546	9	16	20	20	19	19	20	18	3	20	0.00	96.99%	98	88	93.60	3.7
4314	9	14	19	18	18	19	19	19	5	20	0.00	93.37%	93	94	93.55	3.7
8124	8	15	20	20	19	17	17	18	 	20	0.00	92.77%	98	92	93.51	3.7
0781	8	15	20	18	19	18	18	20	 	20	0.00	93.98%	97	91	93.39	3.6
1062	8	16	20	18	20	20	20	18	3	20	0.00	96.39%	90	92	93.35	3.6
3856	9	16	19	19	16	18	20	18	3	20	0.00	93.37%	94	93	93.35	3.6
5424	8	16	20	19	20	18	19	19	1	20	0.00	95.78%	93	91	93.31	3.6
0752	9	16	19	20	18	19	20	17	5	20	0.00	95.18%	92	92	93.27	3.6
3527	9	16	20	20	19	20	20	19	2	20	2.33	99.60%	85	91	93.24	3.6
3379	9	15	20	20	19	20	16	18	1	20	0.00	94.58%	97	90	93.23	3.6
8604	9	16	18	17	19	18	14	17	1	20	0.00	89.16%	97	95	93.06	3.6
6053	9	16	20	19	18	18	20	14	4	20	0.00	92.77%	95	92	92.91	3.6
3914	10	16	20	20	15	18	17	18	5	20	0.00	92.77%	91	94	92.91	3.6
0368	10	16	12	20	19	19	20	18	1	20	0.00	92.77%	95	92	92.91	3.6
7667	9	15	20	20	20	19	20	19	4	20	0.00	97.59%	95	87	92.84	3.6
3078	10	16	19	18	19	18	17	18	5	20	0.00	93.37%	83	97	92.75	3.6
7861	9	16	19	20	18	18	18	15	3	20	0.00	92.17%	89	95	92.67	3.6
4370	9	16	16	20	19	16	18	19	 	20	0.00	92.17%	93	93	92.67	3.6
8566	9	16	19	18	15	14	18	18	1	20	0.00	88.55%	94	96	92.62	3.6
8607	10	15	20	18	18	19	19	17	3	20	0.00	93.98%	87	94	92.59	3.6
1088	9	16	20	20	19	19	20	19	 	20	0.00	97.59%	95	86	92.44	3.6
2685	9	16	20	20	20	19	20	20	 	20	2.00	100.00%	86	88	92.40	3.6
1135	9	15	16	19	18	17	20	17	 	20	0.00	90.96%	88	96	92.39	3.6
7546	10	16	20	18	19	19	18	20	 	20	0.00	96.39%	95	87	92.35	3.6
9509	10	16	20	18	19	18	19	20	 	20	2.33	97.79%	92	87	92.32	3.6
1568	7	16	20	18	20	18	20	20	1	20	0.00	95.78%	98	86	92.31	3.6
3919	9	16	20	18	19	19	20	18	 	20	0.00	95.78%	94	88	92.31	3.6
5401	9	15	20	19	18	18	15	18	 	20	0.33	91.77%	98	90	92.31	3.6
1317	7	15	20	19	16	18	17	17	1	20	0.00	89.76%	96	93	92.30	3.6
0443	9	14	16	18	 	20	20	20	3	20	0.67	82.93%	101	97	92.17	3.6
1336	9	16	19	18	19	19	20	19	1	20	0.00	95.78%	99	85	92.11	3.6
2330	9	16	15	19	19	18	19	19	2	20	0.00	92.77%	87	94	92.11	3.6
8243	9	16	20	20	19	20	19	19	 	20	0.00	97.59%	83	91	92.04	3.6
0029	10	16	20	20	19	19	19	18	 	20	0.00	96.99%	96	85	92.00	3.6
0849	8	16	18	20	18	20	20	17	 	20	0.33	94.78%	90	90	91.91	3.5
9458	7	16	19	18	19	18	17	20	 	20	0.00	92.77%	96	89	91.91	3.5
0872	10	16	20	19	17	13	19	19	 	20	0.00	92.17%	95	90	91.87	3.5
0139	9	16	20	19	20	20	19	18	 	20	0.00	96.99%	91	87	91.80	3.5
3931	9	15	20	20	19	19	16	18	 	20	0.00	93.98%	87	92	91.79	3.5
2283	9	15	20	19	19	19	18	17	2	20	0.00	93.98%	95	88	91.79	3.5
4664	9	16	19	18	17	15	17	20	2	20	0.00	90.96%	89	94	91.79	3.5
2617	9	16	19	19	18	19	19	20	2	20	0.00	95.78%	89	89	91.71	3.5
3248	9	16	20	19	19	19	18	18	 	20	0.00	95.18%	88	90	91.67	3.5
1736	8	16	20	19	18	20	19	17	4	20	0.00	94.58%	93	88	91.63	3.5
5052	10	16	20	18	18	19	19	17	4	20	0.00	94.58%	93	88	91.63	3.5
9353	8	16	19	18	18	20	19	18	 	20	0.00	93.98%	88	91	91.59	3.5
2082	9	16	17	19	19	18	17	20	1	20	0.00	93.37%	95	88	91.55	3.5
2516	9	16	19	19	19	19	18	19	 	20	0.00	95.18%	87	90	91.47	3.5
1398	10	15	17	17	15	19	18	17	4	20	0.00	89.16%	97	91	91.46	3.5
3186	9	16	20	19	19	17	17	20	 	20	0.00	94.58%	86	91	91.43	3.5
3198	9	16	20	20	19	17	18	19	5	20	0.00	95.18%	92	87	91.27	3.5
2737	8	16	20	19	15	17	19	18	 	20	0.00	91.57%	95	89	91.23	3.5
1830	8	14	18	18	15	20	19	18	 	20	0.00	90.36%	87	94	91.14	3.5
9554	9	16	19	19	20	20	19	19	 	20	0.00	96.99%	81	90	91.00	3.5
2198	9	16	19	20	19	20	19	18	 	20	0.00	96.39%	84	89	90.95	3.5
0907	10	16	19	17	16	19	18	19	1	20	0.00	92.77%	87	91	90.91	3.5
2267	9	16	17	19	20	19	19	19	5	20	0.00	95.18%	92	86	90.87	3.5
0738	9	16	18	20	20	20	20	18	1	20	0.00	96.99%	92	84	90.80	3.5
6694	10	16	16	19	16	19	16	19	5	20	0.00	90.96%	92	90	90.79	3.5
0037	7	15	14	17	17	17	16	17	 	20	0.00	84.34%	93	96	90.73	3.5
1495	9	16	19	20	18	19	19	19	3	20	0.00	95.78%	90	86	90.71	3.5
3634	10	16	20	20	18	18	18	19	 	20	0.00	95.78%	92	85	90.71	3.5
3023	9	16	20	19	18	20	17	15	5	20	0.00	92.77%	82	93	90.71	3.5
8444	9	16	18	17	18	18	16	14	5	18	0.00	86.75%	86	97	90.70	3.5
2271	10	16	18	20	17	18	19	20	 	20	0.00	95.18%	81	91	90.67	3.5
2207	9	16	20	20	19	17	19	18	5	20	0.00	95.18%	91	86	90.67	3.5
5061	10	16	20	18	20	15	19	18	5	20	0.33	94.18%	89	88	90.67	3.5
4835	10	16	20	18	19	18	19	13	5	20	0.00	92.17%	91	89	90.67	3.5
2519	10	16	20	18	20	18	18	15	 	20	0.00	93.37%	92	87	90.55	3.5
8400	8	16	19	18	19	18	14	18	 	20	0.00	90.36%	82	95	90.54	3.5
4630	10	15	18	18	18	18	16	17	5	20	0.33	90.56%	89	91	90.42	3.5
2395	9	16	20	20	17	15	20	19	3	20	0.00	93.98%	86	89	90.39	3.5
2954	8	16	19	18	19	16	15	19	4	20	0.00	90.36%	89	91	90.34	3.5
5389	9	16	19	18	20	18	18	18	 	20	0.00	93.98%	95	84	90.19	3.5
9766	10	16	19	20	15	17	16	17	 	20	0.00	90.36%	86	92	90.14	3.5
5948	9	15	18	20	16	17	18	17	 	20	0.00	90.36%	94	88	90.14	3.5
2087	9	15	17	19	20	17	18	18	1	20	0.00	92.17%	92	87	90.07	3.5
0753	9	16	20	20	19	16	19	18	2	20	0.00	94.58%	89	86	90.03	3.5
1653	9	15	17	19	16	16	17	16	2	20	1.00	87.95%	94	90	89.98	3.4
2335	10	16	20	20	18	18	20	19	 	20	0.67	97.39%	87	84	89.96	3.4
1164	10	16	17	19	17	18	20	18	 	20	0.00	93.37%	97	83	89.95	3.4
0976	10	16	15	16	16	16	18	17	4	20	0.00	86.75%	92	92	89.90	3.4
4018	8	16	20	19	19	17	16	13	5	20	0.00	89.16%	93	89	89.86	3.4
6296	9	15	18	15	16	18	18	18	 	20	0.00	88.55%	90	91	89.82	3.4
2978	8	15	20	13	20	19	16	19	1	20	0.00	90.36%	86	91	89.74	3.4
1272	9	16	20	19	18	16	17	19	 	20	0.00	92.77%	89	87	89.71	3.4
9910	9	16	20	20	15	15	19	15	5	20	0.00	89.76%	95	87	89.70	3.4
2538	9	16	20	19	19	20	20	19	1	20	0.00	97.59%	87	83	89.64	3.4
5850	9	16	20	19	16	17	18	17	 	20	0.00	91.57%	91	87	89.63	3.4
3836	9	14	19	15	17	17	18	18	 	20	0.00	88.55%	87	92	89.62	3.4
6448	9	16	18	18	16	18	18	18	5	20	0.00	90.96%	94	86	89.59	3.4
4988	10	14	16	18	19	18	20	20	3	20	0.00	93.37%	85	88	89.55	3.4
2010	10	15	20	19	19	19	19	18	2	20	0.00	95.78%	82	87	89.51	3.4
2351	10	16	20	20	20	20	20	20	5	20	0.00	100.00%	77	85	89.40	3.4
8127	8	14	18	19	17	18	18	17	 	20	0.00	89.76%	97	85	89.30	3.4
1060	8	15	17	17	18	17	16	16	1	20	0.00	86.75%	79	97	89.30	3.4
7355	8	15	20	20	18	20	16	20	2	20	0.00	94.58%	91	83	89.23	3.4
2267	7	16	20	18	19	20	19	18	5	20	0.00	94.58%	87	85	89.23	3.4
3094	8	16	19	19	16	19	17	18	 	20	0.00	91.57%	93	85	89.23	3.4
4590	7	14	18	19	15	19	17	18	1	20	0.00	88.55%	95	87	89.22	3.4
0168	8	16	20	19	18	18	19	17	5	20	0.00	93.37%	89	85	89.15	3.4
1064	9	16	15	18	18	19	20	19	 	20	1.67	93.78%	94	82	89.11	3.4
1726	9	16	19	16	18	13	20	18	3	20	0.00	89.76%	94	86	89.10	3.4
0956	10	16	20	18	18	18	20	18	4	20	0.00	95.18%	89	83	89.07	3.4
4524	8	16	18	20	16	19	20	16	3	20	0.00	92.17%	87	87	89.07	3.4
0634	9	12	18	18	19	16	20	20	 	20	0.00	91.57%	98	82	89.03	3.4
3000	10	16	20	19	19	20	18	19	5	20	0.00	96.99%	81	85	89.00	3.3
2496	9	15	18	20	18	19	19	18	 	20	0.00	93.98%	81	88	88.99	3.3
9392	10	15	19	20	16	18	19	14	 	20	0.00	90.96%	99	82	88.99	3.3
0997	7	16	19	19	17	17	18	13	5	20	1.67	88.96%	91	88	88.98	3.3
3443	9	16	20	15	19	19	19	18	 	20	0.00	93.37%	88	85	88.95	3.3
0659	7	15	17	18	18	16	18	20	3	20	0.00	89.76%	89	88	88.90	3.3
5233	9	16	18	19	18	17	17	19	 	20	0.00	92.17%	90	85	88.87	3.3
1772	9	15	17	18	18	16	16	17	5	20	0.00	87.95%	94	87	88.78	3.3
2148	9	15	15	18	17	16	14	16	3	20	0.00	84.34%	99	88	88.73	3.3
3225	10	16	20	18	20	19	15	20	 	20	0.00	95.18%	83	85	88.67	3.3
0135	9	16	20	17	19	17	17	17	4	20	0.00	91.57%	88	86	88.63	3.3
8955	6	16	20	19	18	17	17	18	1	20	1.33	91.77%	97	81	88.51	3.3
5386	8	16	20	19	16	17	18	18	2	20	0.00	91.57%	87	86	88.43	3.3
0450	10	14	20	17	18	18	15	19	5	20	0.00	90.96%	94	83	88.39	3.3
6349	10	16	20	19	18	16	17	19	 	20	0.00	93.37%	93	81	88.35	3.3
3226	9	15	20	17	17	15	18	19	3	20	0.00	90.36%	89	86	88.34	3.3
6440	9	16	20	19	20	17	15	14	5	20	0.00	90.36%	93	84	88.34	3.3
2321	9	16	20	14	17	18	17	18	4	20	0.00	89.76%	84	89	88.30	3.3
5033	10	16	18	19	18	19	19	16	5	9	0.00	86.75%	96	86	88.30	3.3
0443	10	16	20	19	18	18	20	18	1	20	0.67	96.18%	81	84	88.27	3.3
9312	10	16	20	18	19	19	18	18	3	20	0.00	95.18%	81	85	88.27	3.3
4158	9	16	20	20	18	19	18	11	5	20	0.00	90.96%	89	85	88.19	3.3
9881	10	16	18	19	17	16	16	19	5	20	0.00	90.96%	91	84	88.19	3.3
5560	9	16	20	20	19	19	19	18	3	20	0.00	96.39%	84	82	88.15	3.3
1046	9	16	18	18	19	15	16	19	5	20	0.00	90.36%	86	87	88.14	3.3
0696	10	15	20	18	17	19	20	18	5	20	0.00	94.58%	87	82	88.03	3.3
0425	10	14	19	15	12	18	19	19	2	20	0.00	87.95%	90	87	87.98	3.2
2770	10	15	16	18	19	18	18	15	2	20	0.00	89.76%	84	88	87.90	3.2
1965	10	16	20	20	20	20	20	17	5	20	0.00	98.19%	85	79	87.88	3.2
0468	7	15	15	19	16	17	18	16	3	20	0.00	86.14%	87	90	87.86	3.2
0813	9	16	20	20	19	18	20	19	4	20	0.00	96.99%	91	77	87.80	3.2
7799	9	16	20	19	17	16	19	15	3	20	0.00	90.96%	95	81	87.79	3.2
9637	10	15	17	18	18	16	18	18	 	20	0.00	90.36%	88	85	87.74	3.2
2854	9	15	17	19	16	14	19	18	4	20	1.67	89.56%	91	84	87.62	3.2
0503	10	15	18	17	14	18	16	19	5	20	0.00	88.55%	91	85	87.62	3.2
2260	9	15	17	20	19	14	17	15	3	20	0.00	87.95%	88	87	87.58	3.2
1570	9	15	20	17	19	15	15	20	 	20	0.00	90.36%	89	84	87.54	3.2
3614	7	16	20	18	19	18	18	18	 	20	0.00	92.77%	88	82	87.51	3.2
5518	10	15	20	19	18	19	19	18	 	20	0.00	95.18%	83	82	87.47	3.2
0617	9	16	19	18	18	18	18	17	0	20	0.00	92.17%	89	82	87.47	3.2
0994	9	16	19	19	19	16	16	19	 	20	0.00	92.17%	91	81	87.47	3.2
3240	8	16	20	19	18	18	16	17	1	20	0.00	91.57%	90	82	87.43	3.2
5030	8	15	18	17	19	19	12	19	 	20	0.00	88.55%	86	87	87.42	3.2
2303	10	16	19	20	 	17	20	15	5	20	0.00	82.53%	84	94	87.41	3.2
5174	9	16	20	20	14	19	18	18	3	20	0.00	92.77%	91	80	87.31	3.2
5156	9	 	20	20	20	18	18	19	1	20	0.00	86.75%	91	86	87.30	3.2
2925	10	15	20	19	18	16	20	20	4	20	0.00	95.18%	90	78	87.27	3.2
2649	9	16	20	20	18	18	19	18	4	20	0.00	95.18%	70	88	87.27	3.2
1018	9	16	19	18	18	18	17	18	 	20	0.00	92.17%	78	87	87.27	3.2
7971	9	14	15	13	17	16	19	19	 	20	0.00	85.54%	99	83	87.22	3.2
0611	8	16	20	19	18	20	16	14	5	20	0.00	90.96%	90	82	87.19	3.2
6749	8	15	16	14	16	19	18	18	5	20	0.00	86.75%	82	90	87.10	3.2
1874	9	16	17	19	19	19	20	19	 	20	0.00	95.18%	87	79	87.07	3.2
4827	9	16	20	15	18	17	17	16	5	20	0.00	89.16%	91	83	87.06	3.2
1271	10	16	20	19	18	18	17	19	5	20	0.00	94.58%	82	82	87.03	3.2
0664	9	15	20	18	15	17	16	15	5	20	0.00	87.35%	82	89	86.94	3.1
1046	 	16	18	17	17	20	18	14	2	20	0.00	84.34%	88	89	86.93	3.1
2776	9	15	20	18	19	18	13	16	4	20	0.00	89.16%	90	83	86.86	3.1
6262	9	15	20	18	19	17	15	14	1	20	0.00	88.55%	89	84	86.82	3.1
4144	10	15	16	16	19	19	19	17	 	20	0.00	90.96%	90	81	86.79	3.1
0859	9	15	19	18	15	17	17	16	 	20	0.00	87.95%	84	87	86.78	3.1
6264	8	14	17	9	15	16	12	19	5	15	0.00	75.30%	95	94	86.72	3.1
2448	9	16	17	19	16	19	20	18	 	20	0.00	92.77%	80	84	86.71	3.1
7376	10	15	16	15	16	20	20	17	 	20	0.00	89.76%	88	83	86.70	3.1
2948	9	15	20	18	17	18	17	19	2	20	0.00	92.17%	87	81	86.67	3.1
7963	10	16	17	19	19	17	17	17	 	20	0.00	91.57%	90	80	86.63	3.1
3749	9	16	20	17	18	7	18	17	5	20	0.00	85.54%	82	90	86.62	3.1
3921	8	16	15	19	0	18	17	14	 	20	0.00	76.51%	92	94	86.60	3.1
0869	9	16	20	19	18	16	17	20	2	15	0.00	90.36%	86	83	86.54	3.1
1746	8	16	20	19	18	18	17	18	 	20	0.00	92.77%	87	80	86.51	3.1
3590	9	15	20	17	17	17	17	17	5	20	0.00	89.76%	93	80	86.50	3.1
7081	9	16	19	17	18	15	18	17	5	20	0.00	89.76%	79	87	86.50	3.1
8269	10	14	17	17	15	16	13	19	 	20	0.33	85.14%	94	84	86.46	3.1
5515	10	15	20	19	19	10	19	15	5	20	0.00	88.55%	89	83	86.42	3.1
7064	7	16	19	17	17	15	17	19	5	20	0.00	88.55%	79	88	86.42	3.1
9956	8	14	20	16	18	19	15	16	5	20	0.00	87.95%	76	90	86.38	3.1
6808	9	16	20	19	20	19	19	18	3	20	0.00	96.39%	87	76	86.35	3.1
4937	10	16	20	16	18	17	20	16	2	20	0.00	92.17%	89	79	86.27	3.1
7573	9	16	19	18	19	19	18	18	5	20	0.00	93.98%	85	79	86.19	3.1
1713	8	16	20	16	15	19	18	19	3	20	0.00	90.96%	76	86	85.99	3.0
1784	9	16	18	19	18	16	13	17	5	20	0.00	87.95%	88	83	85.98	3.0
1592	10	16	18	18	19	17	19	17	4	20	0.00	92.77%	78	83	85.91	3.0
0051	7	16	19	19	17	19	16	19	 	20	0.00	91.57%	90	78	85.83	3.0
0293	10	15	20	20	19	19	18	20	 	20	0.00	96.99%	95	70	85.80	3.0
7551	7	16	19	20	19	18	18	18	4	20	0.67	93.78%	95	73	85.71	3.0
5114	10	15	20	19	16	15	19	18	 	20	0.00	91.57%	85	80	85.63	3.0
7424	8	15	18	18	18	12	16	17	5	20	0.00	85.54%	95	81	85.62	3.0
7974	7	15	16	19	17	17	18	16	2	20	0.00	87.35%	81	86	85.54	3.0
3205	7	15	18	18	15	11	17	18	4	20	0.00	83.73%	90	85	85.49	3.0
0567	9	16	19	18	19	16	17	19	 	20	0.00	92.17%	79	82	85.47	3.0
3200	10	15	20	18	20	13	16	16	2	20	0.00	89.16%	89	80	85.46	3.0
4756	8	16	20	19	19	18	17	11	3	20	0.00	89.16%	93	78	85.46	3.0
1314	9	15	18	18	18	15	18	18	 	20	0.00	89.76%	83	82	85.30	3.0
0793	9	10	18	18	19	15	17	17	 	20	0.00	86.14%	87	83	85.06	3.0
4879	10	16	19	19	17	17	20	19	4	20	0.00	94.58%	78	79	85.03	3.0
1198	8	15	19	15	19	11	16	18	2	20	0.00	84.94%	83	86	84.98	2.9
0176	8	16	20	19	18	17	16	16	3	20	0.00	90.36%	88	78	84.94	2.9
5195	9	15	20	17	14	18	17	15	2	20	0.00	87.35%	74	88	84.94	2.9
3006	6	16	20	17	12	18	18	13	3	20	0.00	84.34%	88	84	84.93	2.9
0562	5	16	19	17	16	16	13	17	 	20	0.00	83.73%	77	90	84.89	2.9
0039	8	16	19	17	16	15	17	11	5	15	0.00	80.72%	89	87	84.89	2.9
0716	9	16	17	18	15	12	15	19	4	20	0.00	84.94%	80	87	84.78	2.9
0777	8	16	19	17	16	16	 	19	3	20	0.00	78.92%	90	88	84.77	2.9
8518	9	16	16	17	17	15	18	16	5	20	0.00	86.75%	86	82	84.70	2.9
8094	10	16	17	19	17	16	17	15	1	20	0.00	88.55%	90	78	84.62	2.9
1799	9	15	18	14	17	18	18	17	5	20	0.00	87.95%	73	87	84.58	2.9
5897	8	16	18	20	19	19	20	20	4	20	0.00	96.39%	70	80	84.55	2.9
4421	 	16	14	18	15	11	18	17	0	20	0.00	77.71%	85	91	84.48	2.9
2115	9	14	14	18	18	14	16	17	 	20	0.00	84.34%	93	80	84.33	2.9
7905	8	16	16	19	17	16	15	17	 	20	0.00	86.75%	88	80	84.30	2.9
6055	10	16	19	16	18	18	16	20	 	20	0.00	92.17%	77	80	84.27	2.9
1532	10	16	17	19	16	11	12	16	2	20	0.33	82.73%	95	80	84.09	2.9
8817	10	16	17	19	17	20	 	17	5	18	0.00	80.72%	95	82	84.09	2.9
5795	9	16	20	20	17	17	17	19	 	20	0.00	93.37%	79	77	83.95	2.8
0306	9	16	18	20	13	18	20	19	4	20	0.00	92.17%	93	71	83.87	2.8
3169	6	16	18	19	10	20	15	16	5	20	0.00	84.34%	92	79	83.73	2.8
1428	9	12	18	19	14	16	17	14	 	20	0.00	83.73%	91	80	83.69	2.8
5735	9	15	20	19	0	19	18	18	 	20	0.00	83.13%	84	84	83.65	2.8
1419	9	15	20	16	17	15	16	16	5	18	0.00	85.54%	79	84	83.62	2.8
6940	9	16	20	20	20	18	18	20	2	20	0.00	96.99%	68	78	83.60	2.8
4469	9	16	12	18	19	15	16	16	2	20	0.00	84.94%	92	78	83.58	2.8
4461	10	16	20	18	19	19	19	19	3	20	0.00	96.39%	73	76	83.55	2.8
3135	10	16	20	12	18	17	17	17	1	20	0.00	88.55%	84	78	83.42	2.8
0055	9	16	19	14	16	15	16	17	 	20	0.00	85.54%	92	77	83.42	2.8
7324	8	16	20	19	17	19	15	15	5	12	0.00	84.94%	76	85	83.18	2.8
8091	7	15	15	18	18	18	13	17	4	20	0.00	84.94%	88	79	83.18	2.8
8103	9	16	15	17	17	17	13	17	 	20	0.00	84.94%	94	76	83.18	2.8
1583	9	16	18	19	19	19	16	17	5	20	0.33	92.37%	77	77	83.15	2.8
6407	9	16	18	17	13	14	16	17	4	20	0.00	84.34%	79	84	83.13	2.8
8077	10	16	17	0	16	20	13	18	4	20	0.00	78.31%	89	85	83.13	2.8
6699	9	16	19	13	16	18	17	15	5	20	0.00	86.14%	86	78	82.86	2.7
1082	10	16	20	19	19	19	18	19	 	12	0.00	91.57%	81	75	82.83	2.7
3358	10	11	15	18	17	19	17	17	5	20	0.00	86.75%	87	76	82.50	2.7
2962	7	14	18	18	15	17	17	17	2	20	0.00	86.14%	84	78	82.46	2.7
2515	10	16	16	19	16	12	14	9	5	20	0.00	79.52%	83	85	82.41	2.7
1848	9	14	20	18	18	19	18	18	 	20	0.33	92.97%	62	82	82.39	2.7
1989	9	16	19	18	16	15	16	13	 	20	0.00	85.54%	88	76	82.22	2.7
4623	10	14	18	19	15	16	16	17	5	20	0.00	87.35%	76	80	82.14	2.7
7429	9	16	19	19	18	19	19	19	5	6	0.00	86.75%	75	81	82.10	2.7
7119	9	15	12	18	17	18	19	14	3	20	0.00	85.54%	75	82	82.02	2.7
4694	7	16	18	17	0	20	17	17	 	20	0.00	79.52%	83	84	82.01	2.7
0589	10	16	17	19	18	20	17	20	 	20	0.00	94.58%	86	67	81.83	2.6
0308	9	16	20	17	18	19	17	16	3	20	0.00	91.57%	77	74	81.63	2.6
3928	8	15	17	19	17	19	18	19	5	20	0.00	91.57%	67	79	81.63	2.6
1762	9	15	9	16	13	17	13	19	5	20	0.00	78.92%	90	80	81.57	2.6
5552	10	16	19	19	18	13	16	15	5	20	0.00	87.95%	79	76	81.38	2.6
1026	7	11	17	17	13	18	16	17	4	20	0.00	81.93%	73	85	81.37	2.6
4659	8	16	17	19	19	19	19	18	5	20	1.00	93.98%	80	69	81.19	2.6
4493	9	13	20	20	20	16	13	14	5	20	0.00	87.35%	87	72	81.14	2.6
2173	9	14	18	15	17	14	14	16	3	18	0.00	81.33%	89	77	81.13	2.6
4371	9	16	20	19	18	 	19	15	5	15	0.00	78.92%	89	79	80.97	2.5
1172	9	15	18	17	16	17	19	16	 	20	0.00	88.55%	83	72	80.82	2.5
1409	7	13	14	12	9	10	11	16	1	20	0.00	67.47%	91	89	80.79	2.5
4575	7	16	19	18	20	20	14	18	5	20	0.00	91.57%	80	70	80.63	2.5
0916	10	16	20	19	19	19	18	19	5	20	0.00	96.39%	64	73	80.55	2.5
2678	10	16	20	19	18	16	 	17	1	20	0.00	81.93%	82	78	80.37	2.5
1765	7	14	18	14	17	11	7	16	5	20	0.00	74.70%	86	83	80.28	2.5
2937	9	16	20	0	0	20	17	17	5	20	0.00	71.69%	94	82	80.27	2.5
5782	10	15	18	18	19	16	13	19	5	20	0.00	89.16%	71	76	80.26	2.5
5633	9	16	17	16	16	10	7	19	 	20	0.00	78.31%	88	78	80.13	2.5
2898	10	16	20	18	16	16	14	16	3	20	0.00	87.95%	68	78	79.98	2.4
5353	8	16	20	17	18	16	18	17	 	20	0.00	90.36%	79	70	79.94	2.4
2027	8	15	20	19	17	18	16	16	4	20	0.00	89.76%	80	70	79.90	2.4
4787	8	15	9	17	13	12	16	17	4	20	0.00	76.51%	80	83	79.80	2.4
1316	9	15	19	19	15	13	13	14	5	20	1.00	83.13%	88	72	79.65	2.4
2254	8	16	17	20	16	18	19	15	3	20	1.33	90.56%	91	63	79.62	2.4
2702	9	15	17	18	18	18	14	18	2	20	0.00	88.55%	73	74	79.62	2.4
7167	8	16	20	19	15	0	16	18	 	20	0.00	79.52%	87	76	79.61	2.4
1409	10	16	20	18	20	14	11	16	5	20	0.00	87.35%	89	67	79.54	2.4
0566	6	10	18	17	17	15	15	15	4	20	0.00	80.12%	67	85	79.45	2.4
0583	9	16	16	17	18	18	18	 	5	20	0.00	79.52%	94	72	79.41	2.4
0134	8	16	20	17	17	18	18	17	2	20	0.00	90.96%	84	65	79.19	2.4
0032	8	16	16	19	18	17	14	18	 	20	0.00	87.95%	68	76	79.18	2.4
1783	9	15	17	16	18	17	17	15	3	20	0.00	86.75%	74	74	79.10	2.4
1531	9	16	20	18	18	16	20	16	 	20	0.00	92.17%	87	62	79.07	2.4
0833	7	16	20	19	0	19	16	17	4	20	0.00	80.72%	71	81	78.89	2.3
4681	9	16	18	17	18	17	18	18	 	20	0.00	90.96%	82	65	78.79	2.3
2579	7	15	20	19	20	18	18	18	5	20	0.00	93.37%	67	70	78.75	2.3
3920	10	16	19	19	19	17	15	17	5	15	0.00	88.55%	66	75	78.62	2.3
2338	9	15	17	14	12	15	15	 	5	20	0.00	70.48%	88	82	78.59	2.3
9483	8	16	20	16	20	20	17	19	5	9	0.00	87.35%	54	82	78.54	2.3
3489	10	16	20	19	14	9	15	16	5	20	0.00	83.73%	91	67	78.49	2.3
6240	7	16	20	18	17	19	5	17	5	20	0.00	83.73%	81	72	78.49	2.3
0510	9	16	20	20	20	18	18	16	5	20	0.00	94.58%	61	71	78.43	2.3
1635	10	16	19	19	19	18	19	19	1	3	0.00	85.54%	93	64	78.42	2.3
8046	10	16	17	16	15	17	16	18	1	20	0.00	87.35%	62	77	78.14	2.3
3913	10	16	19	16	0	18	 	18	5	20	0.00	70.48%	80	84	77.79	2.2
2197	9	15	17	17	16	14	13	17	 	15	0.00	80.12%	82	73	77.65	2.2
0326	9	15	16	17	 	14	10	17	5	20	0.00	71.08%	80	83	77.63	2.2
7638	6	15	17	14	15	16	16	18	5	20	0.00	82.53%	77	73	77.61	2.2
2238	8	13	15	18	17	 	10	16	3	20	0.00	70.48%	89	79	77.59	2.2
0571	4	15	11	15	15	9	20	15	0	20	0.00	74.70%	86	76	77.48	2.2
5756	8	15	14	18	17	15	3	12	4	20	0.00	73.49%	82	79	77.40	2.2
8835	8	15	12	18	8	11	12	10	5	20	0.00	68.67%	83	83	77.27	2.2
0628	9	 	19	18	11	13	11	17	5	20	0.00	71.08%	96	73	76.83	2.1
8038	7	16	17	17	17	18	14	19	5	20	0.00	87.35%	75	67	76.74	2.1
5995	8	15	18	18	18	14	18	19	2	20	0.00	89.16%	81	62	76.66	2.1
2868	9	16	20	19	19	2	18	18	5	20	0.00	84.94%	95	59	76.58	2.1
6111	8	15	15	17	17	11	14	14	 	20	0.00	78.92%	79	73	76.57	2.1
0747	7	14	14	12	0	10	13	14	5	15	0.00	59.64%	91	86	76.46	2.1
5614	8	12	20	19	18	17	19	14	5	20	0.00	88.55%	79	63	76.42	2.1
9993	9	15	20	19	18	 	 	11	3	20	0.00	67.47%	89	79	76.39	2.1
3370	10	16	17	20	19	0	20	19	5	20	0.00	84.94%	86	63	76.38	2.1
1158	8	16	16	19	19	13	17	17	5	20	0.00	87.35%	85	61	76.34	2.1
4171	10	16	18	17	17	14	14	15	5	12	0.00	80.12%	85	68	76.25	2.1
0556	7	4	20	14	15	12	18	7	5	15	0.00	67.47%	82	82	76.19	2.1
9951	9	15	19	14	18	18	16	17	3	20	0.00	87.95%	73	66	76.18	2.1
3350	7	16	18	15	18	 	15	16	2	20	0.00	75.30%	82	74	76.12	2.1
2048	8	16	18	13	16	14	4	13	5	20	0.00	73.49%	88	72	75.80	2.0
2560	9	16	20	17	19	19	18	17	5	20	0.00	93.37%	64	64	75.75	2.0
2991	10	12	12	16	13	12	13	15	1	20	0.00	74.10%	66	82	75.64	2.0
3270	9	16	20	19	17	13	15	17	5	20	0.00	87.95%	74	64	75.58	2.0
7695	10	16	16	17	19	0	18	19	5	20	0.00	81.33%	81	67	75.53	2.0
9727	8	16	20	18	16	16	14	16	5	20	0.00	86.75%	68	68	75.50	2.0
4041	8	11	12	16	19	14	17	13	5	20	0.00	78.31%	66	77	75.33	2.0
0415	9	16	14	16	15	15	11	15	5	15	0.67	76.31%	84	70	75.32	2.0
1281	9	16	20	19	17	16	18	16	5	15	0.00	87.95%	72	64	75.18	2.0
1057	9	16	19	16	18	17	18	17	5	20	0.00	90.36%	59	68	75.14	2.0
5268	8	12	10	14	16	12	11	16	1	20	0.00	71.69%	76	78	75.07	2.0
3616	8	16	20	 	13	19	18	 	1	12	0.00	63.86%	85	81	74.94	1.9
3676	9	16	18	16	16	17	18	15	4	20	0.00	87.35%	74	63	74.94	1.9
0684	9	16	15	9	11	16	14	19	5	20	0.00	77.71%	72	73	74.68	1.9
0804	10	15	19	 	19	16	19	19	5	20	0.00	82.53%	64	72	74.61	1.9
7865	8	13	18	17	19	17	16	18	1	20	0.00	87.95%	83	57	74.58	1.9
2242	7	11	18	18	13	0	18	17	3	20	0.00	73.49%	65	80	74.40	1.9
9229	5	14	17	16	15	14	14	14	2	3	0.00	67.47%	75	81	74.39	1.9
5791	9	16	11	17	18	14	17	15	5	20	0.00	82.53%	72	67	74.21	1.9
0586	9	16	18	16	15	15	13	17	1	20	0.00	83.73%	79	62	74.09	1.9
4028	7	16	20	20	18	18	19	17	4	20	0.00	93.37%	66	58	73.75	1.8
8406	6	9	16	19	14	17	14	14	5	0	0.00	65.66%	68	84	73.47	1.8
0955	 	15	19	18	18	12	17	18	5	6	0.00	74.10%	84	66	72.84	1.7
5933	7	15	12	13	10	2	8	13	5	18	0.00	59.04%	86	80	72.81	1.7
0119	7	16	13	19	17	15	17	12	5	20	0.00	81.93%	62	68	72.37	1.7
0362	8	16	15	15	18	5	8	18	5	20	0.00	74.10%	91	61	72.24	1.7
1148	8	14	15	16	16	13	19	17	 	20	0.00	83.13%	78	58	72.05	1.7
3928	8	15	15	18	16	11	16	16	 	20	0.00	81.33%	69	64	71.93	1.6
2651	10	16	17	0	15	17	18	17	3	20	0.00	78.31%	68	67	71.73	1.6
8560	8	16	18	16	19	19	19	17	5	15	0.00	88.55%	75	53	71.62	1.6
0907	8	16	19	16	19	19	14	18	5	20	0.00	89.76%	60	57	70.70	1.5
5218	10	16	19	19	0	19	17	16	5	20	0.00	81.93%	57	66	70.57	1.5
7583	10	16	15	16	19	19	12	17	4	20	0.00	86.75%	71	54	70.50	1.5
6446	7	14	17	19	0	12	18	12	4	12	0.00	66.87%	79	69	70.15	1.5
0394	8	16	18	19	18	19	14	18	 	20	0.00	90.36%	70	50	70.14	1.5
2512	10	15	18	18	17	0	19	17	3	20	0.00	80.72%	53	67	69.69	1.4
7967	8	14	11	17	16	18	16	12	3	20	0.00	79.52%	71	59	69.61	1.4
4884	7	16	18	20	18	12	18	15	5	20	0.00	86.75%	62	56	69.50	1.4
7682	9	15	17	15	16	 	16	11	5	20	0.00	71.69%	78	63	69.47	1.4
0901	9	15	20	18	17	18	 	16	5	20	0.00	80.12%	61	63	69.45	1.4
3183	9	16	20	19	16	0	17	15	2	20	0.00	79.52%	80	54	69.41	1.4
2603	9	16	20	18	18	 	 	 	5	20	0.00	60.84%	75	75	69.34	1.4
1803	10	15	9	15	2	14	14	16	4	20	0.00	69.28%	70	69	69.31	1.4
1923	7	16	18	15	13	14	13	13	5	20	0.00	77.71%	75	58	69.28	1.4
2110	9	15	12	16	15	13	12	14	 	20	0.00	75.90%	73	60	68.96	1.3
0436	9	16	19	17	18	16	17	17	2	20	0.00	89.76%	48	58	68.70	1.3
2026	10	16	15	14	16	 	 	16	5	18	0.00	63.25%	81	68	68.70	1.3
6000	9	12	9	13	6	13	15	17	 	15	0.00	65.66%	77	67	68.47	1.3
9304	8	16	15	18	16	0	 	13	2	20	0.00	63.86%	74	69	67.94	1.2
7482	9	16	20	20	20	 	 	 	 	20	0.33	63.45%	91	60	67.58	1.2
9362	9	15	15	16	16	18	15	16	3	20	0.00	84.34%	56	56	67.33	1.2
6244	7	15	13	16	14	8	7	14	5	20	0.00	68.67%	57	71	67.27	1.2
2629	8	15	20	0	0	18	18	16	5	20	0.00	69.28%	78	59	66.91	1.1
8770	9	15	18	18	14	18	19	16	4	20	0.00	88.55%	65	46	66.82	1.1
1591	9	16	20	20	18	18	15	 	3	12	0.00	77.11%	70	53	66.04	1.1
0530	9	15	15	19	0	9	6	15	5	20	0.00	65.06%	66	67	66.02	1.1
2158	9	15	19	19	19	15	15	 	3	20	0.00	78.92%	56	57	65.57	1.0
8247	8	14	19	17	0	4	9	12	5	20	0.00	62.05%	86	58	65.22	1.0
2397	9	15	18	15	17	0	5	12	5	20	0.00	66.87%	73	58	64.55	0.9
0550	8	15	20	 	17	 	 	 	3	20	0.00	48.19%	72	77	64.48	0.9
5956	8	16	18	16	19	 	17	 	 	20	0.00	68.67%	63	60	64.07	0.9
6851	9	14	10	15	13	15	13	13	5	20	0.00	73.49%	67	53	64.00	0.8
7339	7	16	20	16	0	12	 	 	5	0	0.00	42.77%	86	74	63.91	0.8
2530	8	14	12	11	0	12	15	11	4	12	0.00	57.23%	67	69	63.89	0.8
4506	9	16	19	20	17	18	20	20	 	20	0.00	95.78%	55	36	63.71	0.8
6290	10	16	20	19	19	 	 	 	0	20	0.00	62.65%	77	57	63.26	0.8
2593	9	14	13	17	16	12	16	 	 	20	0.00	70.48%	89	43	63.19	0.8
2210	10	14	20	17	18	18	17	17	3	20	0.00	90.96%	54	40	63.19	0.8
2754	7	11	16	19	10	2	7	10	4	20	0.00	61.45%	82	54	62.58	0.7
6248	6	12	10	16	15	8	10	18	 	20	0.00	69.28%	64	55	62.51	0.7
3973	9	11	18	4	14	3	0	19	5	20	0.00	59.04%	62	65	62.01	0.7
1371	9	14	15	 	14	 	16	 	5	20	0.00	53.01%	90	57	62.00	0.7
7526	9	14	13	16	15	15	18	15	4	20	0.00	81.33%	65	41	61.93	0.7
2838	9	12	18	15	14	11	 	14	2	20	0.00	68.07%	66	51	60.83	0.7
0462	9	16	13	17	16	19	19	 	4	18	0.00	76.51%	63	44	60.80	0.7
5065	10	16	19	17	3	 	 	 	4	0	0.00	39.16%	87	67	59.86	0.7
4969	7	14	18	13	19	11	12	12	5	18	0.00	74.70%	59	45	59.68	0.7
4650	8	9	12	17	14	14	4	14	5	20	0.00	67.47%	63	50	59.59	0.7
8126	10	16	18	19	18	15	16	15	5	20	0.00	88.55%	66	27	59.42	0.7
6894	9	16	18	19	18	15	17	19	4	20	0.00	90.96%	39	35	58.19	0.7
0144	9	16	19	18	19	19	20	17	1	20	0.00	94.58%	98	 	57.43	0.0
0295	10	16	18	18	16	 	 	 	3	18	0.00	57.83%	69	51	57.33	0.0
6313	10	10	19	19	18	9	15	16	5	20	0.00	81.93%	62	30	57.17	0.0
3262	9	16	18	17	15	6	10	12	5	20	0.00	74.10%	71	32	56.64	0.0
0614	9	9	18	 	 	8	 	 	4	20	0.00	38.55%	72	67	56.62	0.0
4428	8	14	17	 	14	 	 	 	 	0	0.00	31.93%	75	72	56.57	0.0
5051	9	16	19	19	13	8	7	16	5	18	0.00	75.30%	42	45	56.52	0.0
8593	8	16	16	15	14	2	10	11	5	15	0.00	64.46%	55	49	56.38	0.0
4346	9	16	20	 	16	 	 	 	1	15	0.00	45.78%	82	54	56.31	0.0
9996	9	16	12	18	0	11	7	14	5	20	0.00	64.46%	55	48	55.98	0.0
0649	8	15	17	18	7	 	 	14	5	20	0.00	59.64%	51	52	54.86	0.0
7882	10	16	20	20	16	17	18	18	 	20	0.00	93.37%	87	 	54.75	0.0
8808	9	16	19	20	16	19	17	17	5	20	0.00	92.17%	79	 	52.67	0.0
3305	9	16	8	1	9	0	0	 	5	20	0.00	37.95%	70	54	50.78	0.0
4214	9	15	13	15	6	4	 	 	2	20	0.00	49.40%	62	45	50.16	0.0
1640	9	16	20	19	19	 	17	 	5	20	0.00	72.29%	82	12	50.12	0.0
4861	9	15	19	16	12	12	 	 	3	15	0.00	59.04%	67	25	47.01	0.0
6394	8	15	 	12	17	 	 	 	3	6	0.00	34.94%	77	44	46.98	0.0
0508	7	15	20	 	 	 	 	 	2	20	0.00	37.35%	86	36	46.54	0.0
6324	9	10	2	14	14	14	15	 	5	12	0.00	54.22%	52	31	44.49	0.0
0071	9	16	14	19	16	18	 	 	1	20	0.00	67.47%	85	 	43.99	0.0
1475	8	14	20	19	19	16	 	 	2	20	0.00	69.88%	75	 	42.95	0.0
2865	8	15	19	19	19	15	 	 	1	20	0.00	69.28%	64	 	40.51	0.0
0878	8	4	10	 	0	 	 	 	3	20	0.00	25.30%	73	32	37.52	0.0
0316	9	 	9	15	 	 	 	7	5	12	0.00	31.33%	60	31	36.93	0.0
0374	8	16	 	 	 	 	 	 	5	15	0.00	23.49%	70	31	35.80	0.0
6189	10	9	10	11	13	 	 	 	3	20	0.00	43.98%	67	12	35.79	0.0
3256	9	16	 	 	 	 	 	 	 	20	0.00	27.11%	63	21	31.84	0.0
0861	6	11	11	13	4	 	 	 	5	20	0.00	39.16%	77	 	31.06	0.0
0263	8	15	10	18	10	7	 	 	5	15	0.00	50.00%	32	8	29.60	0.0
1905	9	8	18	17	 	 	 	 	3	15	0.00	40.36%	64	 	28.94	0.0
2167	6	14	16	 	 	 	 	 	4	20	0.00	33.73%	57	7	27.69	0.0
2738	10	9	18	16	0	 	 	 	 	18	0.00	42.77%	34	7	26.71	0.0
7891	9	 	 	 	 	 	 	 	 	12	0.00	12.65%	55	26	26.46	0.0
4981	6	14	14	 	0	 	 	 	5	20	0.00	32.53%	42	 	21.41	0.0
3168	9	 	 	 	 	 	 	 	 	12	0.00	12.65%	61	 	17.26	0.0
8057	 	 	 	 	 	 	 	 	 	3	0.00	1.81%	52	11	15.52	0.0
1118	8	13	 	 	 	 	 	 	1	9	0.00	18.07%	38	 	14.83	0.0
0973	8	 	18	14	 	 	 	 	4	6	0.00	27.71%	 	 	11.08	0.0
0419	 	 	 	 	 	 	 	 	 	3	0.00	1.81%	39	1	8.92	0.0
9044	9	11	 	 	 	 	 	 	 	6	0.00	15.66%	 	 	6.27	0.0
4857	7	 	 	 	 	 	 	 	 	6	0.00	7.83%	 	 	3.13	0.0
3400	0	 	 	 	 	 	 	 	 	6	0.00	3.61%	 	 	1.45	0.0
7107	 	 	 	 	 	 	 	 	 	0	0.00	0.00%	 	 	0.00	0.0
7599	 	 	 	 	 	 	 	 	 	0	0.00	0.00%	 	 	0.00	0.0

mean	8.8	15.3	18.1	17.8	16.7	16.5	17.0	17.2	3.5	19.0	0.1	84.09%	83.8	79.0	80.76	2.66
median	9	16	19	19	18	18	18	18	4	20	0	89.76%	87	84	86.46	3.1
11	1