last 4 digits of sid	assign1	assign2	assign3	assign4	assign5	assign6	assign7	assign8	bonus8	explore	weekly %	midterm	final	new final	total	grade
1011	20	20	20	20	20	20	20	30	2	0	101.18%	100	99	109	104.07	4
0343	20	20	20	20	19	20	20	30	 	0	99.41%	99	94	104	101.16	4
0002	20	20	20	18	20	19	19	30	 	0	97.65%	99	94	104	100.46	4
6818	19	19	18	20	20	19	20	29	1	0	97.06%	100	93	103	100.02	4
0326	17	20	20	18	19	19	20	28	2	0	95.88%	93	96	106	99.35	4
4275	19	18	18	19	20	18	20	28	2	0	95.29%	96	95	105	99.32	4
5690	18	16	17	18	19	20	20	28	2	1	93.14%	95	97	107	99.05	4
1205	20	18	20	18	18	18	20	30	2	0	96.47%	95	93	103	98.79	4
2181	19	16	20	18	19	15	18	25	2	0	89.41%	95	99	109	98.36	4
6747	20	19	18	19	19	17	18	30	 	0	94.12%	93	95	105	98.25	4
4300	20	20	19	20	20	20	20	29	 	0	98.82%	96	88	98	97.93	4
0050	19	20	20	20	20	18	20	28	2	1	98.43%	93	89	99	97.57	4
4673	19	20	20	20	18	19	20	30	2	0	98.82%	95	87	97	97.33	3.9
8144	20	20	19	19	20	19	20	30	 	0	98.24%	94	88	98	97.29	3.9
5462	18	16	19	18	20	17	19	26	2	0	91.18%	96	93	103	96.87	3.9
8607	19	19	19	18	18	16	18	29	 	0	91.76%	92	94	104	96.71	3.9
2846	20	20	19	20	19	20	19	28	2	2	98.63%	98	83	93	96.25	3.9
9180	20	20	20	19	20	17	20	30	2	7	100.20%	96	82	92	96.08	3.9
2290	20	20	19	19	19	18	18	28	 	0	94.71%	98	86	96	95.88	3.9
2620	20	20	20	17	19	15	19	28	0	0	92.94%	97	88	98	95.78	3.9
2644	20	17	18	19	20	19	19	28	 	0	94.12%	89	90	100	95.45	3.9
0241	20	19	20	18	20	19	17	29	 	0	95.29%	96	85	95	95.32	3.9
5344	20	20	18	20	19	18	19	30	 	0	96.47%	97	83	93	95.19	3.9
2117	19	20	19	20	15	17	19	27	 	0	91.76%	82	94	104	94.71	3.8
0630	19	19	19	19	16	18	19	30	 	0	93.53%	90	88	98	94.61	3.8
3945	19	18	20	19	20	18	20	27	 	1	94.90%	97	83	93	94.56	3.8
0677	17	20	20	19	19	20	15	26	 	0	91.76%	94	87	97	94.31	3.8
1584	19	19	19	19	20	20	19	28	2	1	97.25%	93	82	92	94.30	3.8
8111	19	17	19	19	18	16	20	25	2	6	92.35%	98	84	94	94.14	3.8
4501	19	20	19	18	20	18	20	30	2	0	97.65%	95	80	90	94.06	3.8
0236	18	17	19	15	19	19	20	28	2	1	92.55%	97	84	94	94.02	3.8
0853	20	18	19	19	17	19	19	30	2	2	96.27%	98	79	89	93.71	3.8
1590	17	17	17	19	19	16	18	28	 	0	88.82%	82	94	104	93.53	3.8
0689	18	18	18	15	16	17	18	25	 	0	85.29%	93	92	102	93.52	3.8
0522	18	17	19	20	20	19	19	28	 	0	94.12%	90	84	94	93.25	3.8
0582	19	16	17	18	18	15	19	26	 	0	87.06%	98	87	97	93.22	3.8
1961	20	17	17	20	19	15	19	29	 	0	91.76%	79	91	101	92.91	3.7
5008	19	19	18	17	20	20	19	30	 	3	95.88%	98	77	87	92.75	3.7
6429	20	15	18	18	20	19	20	25	 	0	91.18%	90	85	95	92.47	3.7
0652	18	18	20	16	19	18	20	29	 	0	92.94%	92	82	92	92.38	3.7
8290	19	18	20	19	19	18	20	30	 	0	95.88%	98	76	86	92.35	3.7
1823	18	20	18	19	20	19	19	29	 	0	95.29%	96	77	87	92.12	3.7
1871	20	18	17	20	16	19	20	27	 	0	92.35%	85	85	95	91.94	3.7
4773	20	16	18	19	17	20	20	29	2	0	94.71%	87	81	91	91.68	3.7
3430	20	19	19	19	20	16	18	29	 	0	94.12%	96	77	87	91.65	3.7
0093	19	19	19	19	18	19	17	29	 	0	93.53%	66	92	102	91.41	3.7
3525	18	19	16	15	18	16	20	27	2	4	89.61%	97	80	90	91.24	3.7
1258	20	19	20	20	20	19	20	26	 	0	96.47%	92	75	85	90.99	3.7
6562	18	16	18	18	18	19	18	29	 	4	91.37%	90	81	91	90.95	3.7
0435	18	19	18	18	19	15	20	28	 	0	91.18%	77	87	97	90.67	3.6
1792	18	12	14	19	20	16	20	30	 	0	87.65%	88	85	95	90.66	3.6
4273	19	19	18	19	19	18	20	28	 	0	94.12%	98	73	83	90.45	3.6
0588	18	16	16	18	20	16	17	27	 	0	87.06%	82	87	97	90.02	3.6
0716	9	20	18	18	17	17	15	30	2	5	86.86%	90	83	93	89.95	3.6
0769	18	17	17	17	20	19	14	28	 	0	88.24%	91	81	91	89.89	3.6
8903	19	19	18	19	17	18	20	29	 	0	93.53%	86	78	88	89.81	3.6
1254	20	19	5	19	20	20	20	30	 	0	90.00%	93	78	88	89.80	3.6
0752	19	19	16	14	18	18	18	30	 	0	89.41%	95	77	87	89.56	3.6
9268	18	16	18	17	20	19	19	29	 	0	91.76%	80	82	92	89.51	3.6
1700	20	17	20	20	19	18	17	30	 	0	94.71%	94	72	82	89.48	3.6
1634	19	17	17	20	19	14	19	26	 	0	88.82%	93	78	88	89.33	3.6
4776	17	16	18	20	20	18	20	29	 	0	92.94%	92	74	84	89.18	3.6
9040	18	17	16	18	18	16	18	25	 	0	85.88%	96	79	89	89.15	3.6
5890	18	18	19	20	18	19	20	30	 	0	95.29%	95	70	80	89.12	3.6
8616	15	15	16	15	14	20	15	29	 	0	81.76%	72	95	105	89.11	3.6
8884	20	18	19	20	20	17	19	22	 	0	91.18%	93	75	85	89.07	3.6
4787	19	19	16	17	20	17	19	27	 	5	91.57%	100	71	81	89.03	3.6
2152	18	17	19	20	19	15	19	24	 	0	88.82%	91	78	88	88.93	3.6
0758	20	17	20	20	20	18	20	26	 	0	94.71%	89	73	83	88.88	3.6
0782	19	18	18	17	17	20	19	28	 	0	91.76%	80	80	90	88.71	3.5
2932	20	14	16	19	19	19	19	29	 	0	91.18%	85	78	88	88.67	3.5
1960	19	19	16	16	18	12	20	25	 	0	85.29%	76	88	98	88.52	3.5
2577	17	17	19	19	16	19	19	27	 	0	90.00%	92	75	85	88.40	3.5
1920	20	18	17	20	19	17	17	28	 	0	91.76%	74	82	92	88.31	3.5
0726	19	12	16	18	19	14	15	27	 	0	82.35%	98	79	89	88.14	3.5
1512	20	18	16	16	18	17	18	26	 	0	87.65%	87	79	89	88.06	3.5
7528	19	16	13	16	20	15	17	26	 	0	83.53%	84	84	94	87.81	3.5
6049	19	19	19	18	20	17	19	26	 	5	93.33%	87	72	82	87.53	3.5
0295	20	20	19	18	19	14	19	26	 	0	91.18%	95	70	80	87.47	3.5
0041	19	18	18	15	18	19	15	27	 	0	87.65%	93	74	84	87.26	3.5
0728	20	18	19	17	18	19	19	29	0	0	93.53%	85	72	82	87.21	3.5
2012	20	18	18	16	18	17	19	26	 	0	89.41%	93	72	82	87.16	3.5
0498	18	13	18	18	19	15	15	29	 	0	85.29%	79	83	93	87.12	3.5
1568	20	19	19	17	17	16	11	30	 	0	87.65%	90	75	85	87.06	3.5
2004	18	18	18	20	16	16	18	25	 	0	87.65%	90	75	85	87.06	3.5
1609	19	20	17	20	20	18	18	25	2	3	94.12%	89	69	79	87.05	3.5
9674	19	17	16	20	18	14	19	27	 	3	88.82%	89	74	84	86.93	3.5
0042	19	15	18	17	20	15	19	28	 	0	88.82%	83	76	86	86.53	3.5
1942	19	17	18	18	18	16	19	25	 	0	88.24%	78	78	88	86.09	3.4
8388	18	17	18	19	18	15	18	30	 	0	90.00%	74	78	88	86.00	3.4
1777	19	18	13	16	18	17	16	29	 	0	85.88%	78	80	90	85.95	3.4
4236	18	19	20	18	19	18	16	29	 	0	92.35%	86	69	79	85.74	3.4
0796	19	19	19	20	17	18	18	29	2	0	94.71%	79	70	80	85.68	3.4
2371	17	19	18	16	17	13	19	28	0	0	86.47%	89	73	83	85.59	3.4
4072	20	19	20	19	17	18	18	25	1	0	92.35%	83	70	80	85.54	3.4
0956	15	15	19	17	20	20	14	29	 	0	87.65%	70	81	91	85.46	3.3
9753	19	19	19	18	20	19	20	28	 	0	95.29%	82	67	77	85.32	3.3
4032	20	20	19	18	19	19	16	28	 	0	93.53%	82	68	78	85.01	3.3
1092	19	18	19	18	17	19	15	26	 	1	89.02%	67	80	90	85.01	3.3
1740	20	17	16	18	17	15	17	26	 	0	85.88%	83	75	85	84.95	3.3
6016	18	16	12	19	17	16	18	28	 	0	84.71%	91	72	82	84.88	3.3
1421	18	19	19	20	18	16	19	27	 	0	91.76%	85	67	77	84.51	3.3
7121	19	17	19	17	19	15	20	29	 	0	91.18%	98	61	71	84.47	3.2
0873	18	14	16	19	15	15	18	26	 	0	82.94%	88	74	84	84.38	3.2
0117	18	19	18	17	16	14	20	26	 	0	87.06%	97	64	74	83.82	3.2
6242	20	14	16	18	15	17	18	29	 	0	86.47%	90	68	78	83.79	3.2
7822	20	18	19	18	19	19	20	30	 	0	95.88%	65	71	81	83.75	3.2
6342	20	15	18	18	19	18	18	25	 	0	88.82%	87	67	77	83.73	3.2
0291	20	17	18	19	18	18	18	26	 	6	91.76%	86	64	74	83.51	3.2
1168	19	16	18	18	12	15	13	29	 	0	82.35%	86	73	83	83.34	3.1
4265	20	18	19	20	17	19	20	29	 	0	95.29%	80	63	73	83.32	3.1
8102	19	17	17	19	16	17	17	28	 	4	89.02%	88	65	75	83.21	3.1
1276	19	14	15	19	13	18	17	14	 	0	75.88%	67	88	98	82.95	3.1
1182	18	15	17	18	19	20	19	29	 	0	91.18%	78	67	77	82.87	3.1
4248	19	18	16	18	18	19	19	27	 	0	90.59%	83	65	75	82.84	3.1
4565	17	18	16	15	18	19	15	30	 	0	87.06%	80	70	80	82.82	3.1
4553	19	20	17	20	19	17	20	30	 	0	95.29%	81	61	71	82.72	3.1
4478	18	7	16	19	20	17	19	28	0	2	85.10%	93	65	75	82.64	3.1
3325	18	15	17	18	20	19	20	28	 	0	91.18%	86	62	72	82.47	3
2266	20	19	19	17	14	20	20	27	 	0	91.76%	76	66	76	82.31	3
7678	18	17	18	15	18	20	19	27	 	0	89.41%	78	67	77	82.16	3
2036	19	13	17	17	12	17	19	29	 	0	84.12%	78	72	82	82.05	3
7858	16	18	17	18	19	18	20	26	 	0	89.41%	80	65	75	81.76	3
5779	14	20	17	18	18	18	13	28	 	0	85.88%	85	66	76	81.75	3
3459	17	16	12	14	17	13	19	26	 	0	78.82%	99	66	76	81.73	3
0855	17	16	17	18	20	18	17	26	 	0	87.65%	77	68	78	81.66	3
9803	15	17	14	15	4	17	18	26	 	0	74.12%	92	74	84	81.65	3
6876	20	20	19	20	18	18	20	29	 	0	96.47%	61	67	77	81.59	3
4227	18	19	19	17	18	11	16	28	 	0	85.88%	70	73	83	81.55	3
0909	20	19	11	18	16	16	20	28	 	0	87.06%	91	61	71	81.42	2.9
0494	19	19	16	14	15	17	 	25	 	0	73.53%	78	81	91	81.41	2.9
5412	16	19	19	20	20	13	17	21	 	0	85.29%	74	71	81	81.32	2.9
9939	20	15	18	18	14	20	18	30	 	0	90.00%	68	69	79	81.20	2.9
3437	18	16	18	20	19	14	19	26	 	0	88.24%	79	65	75	81.09	2.9
7924	20	19	20	18	20	17	18	18	 	0	88.24%	81	64	74	81.09	2.9
2114	19	19	20	17	18	16	18	27	 	0	90.59%	65	69	79	80.84	2.9
1984	19	17	17	18	19	16	17	27	 	0	88.24%	65	71	81	80.69	2.9
0377	20	15	6	19	16	7	18	25	 	0	74.12%	87	74	84	80.65	2.9
2289	19	15	16	17	16	12	19	22	 	0	80.00%	79	72	82	80.60	2.9
2805	19	9	11	16	18	17	19	27	 	0	80.00%	63	80	90	80.60	2.9
2487	14	15	17	16	18	19	19	29	 	0	86.47%	80	65	75	80.59	2.9
4648	20	13	17	16	18	17	17	29	 	0	86.47%	87	61	71	80.39	2.8
6382	20	20	18	19	19	20	13	29	 	0	92.94%	74	61	71	80.38	2.8
8839	17	18	15	18	16	14	16	22	 	2	80.39%	91	65	75	80.36	2.8
5502	19	19	14	12	16	16	20	24	 	0	82.35%	73	72	82	80.34	2.8
2351	16	18	15	15	18	17	17	26	 	1	83.73%	84	65	75	80.29	2.8
0602	16	10	14	15	19	17	18	23	 	0	77.65%	94	66	76	80.26	2.8
4024	18	15	13	16	16	14	17	27	 	0	80.00%	79	71	81	80.20	2.8
2586	16	14	12	15	18	14	18	20	 	0	74.71%	71	80	90	80.08	2.8
1937	16	19	18	17	19	15	14	29	 	0	86.47%	83	62	72	79.99	2.8
3470	20	20	20	18	20	18	18	28	 	5	96.27%	71	58	68	79.91	2.8
5094	19	18	16	18	18	15	16	26	 	0	85.88%	74	66	76	79.55	2.8
8409	19	17	19	17	20	17	18	28	 	0	91.18%	71	62	72	79.47	2.7
2896	19	16	19	18	19	17	18	26	 	0	89.41%	80	59	69	79.36	2.7
0141	13	17	14	19	15	17	19	29	 	0	84.12%	72	68	78	79.25	2.7
0983	17	11	11	18	16	15	18	26	 	0	77.65%	84	68	78	79.06	2.7
0497	18	17	18	15	18	17	19	30	 	0	89.41%	80	58	68	78.96	2.7
1394	19	20	19	18	18	18	19	27	 	0	92.94%	64	62	72	78.78	2.7
1939	19	18	18	19	20	17	19	27	 	0	92.35%	75	57	67	78.74	2.7
1987	18	18	15	16	20	13	16	28	 	0	84.71%	56	74	84	78.68	2.7
3693	20	18	19	17	19	17	18	26	 	0	90.59%	84	54	64	78.64	2.7
6130	19	16	17	20	19	18	17	16	 	0	83.53%	82	62	72	78.61	2.7
1263	19	15	17	18	16	16	15	25	 	0	82.94%	65	71	81	78.58	2.7
9193	18	13	18	17	19	18	20	30	 	0	90.00%	80	56	66	78.40	2.6
2515	20	12	17	15	17	17	19	16	 	0	78.24%	79	68	78	78.29	2.6
1461	19	14	19	16	15	19	9	23	 	0	78.82%	63	75	85	78.13	2.6
3089	19	16	20	14	16	16	19	29	2	0	88.82%	75	59	69	78.13	2.6
0183	11	14	16	19	12	10	18	16	 	0	68.24%	76	79	89	78.09	2.6
8166	20	19	19	16	20	17	18	26	 	0	91.18%	74	57	67	78.07	2.6
8873	18	14	16	16	18	15	16	29	 	7	84.90%	78	61	71	77.96	2.6
1345	17	16	17	14	10	14	11	23	 	0	71.76%	70	78	88	77.91	2.6
1102	17	16	18	15	18	15	16	27	 	0	83.53%	75	62	72	77.21	2.5
8614	19	16	18	19	16	18	18	27	 	0	88.82%	80	54	64	77.13	2.5
6328	20	19	18	19	19	19	20	28	 	0	95.29%	62	56	66	76.92	2.5
4769	18	16	18	12	4	17	20	27	 	0	77.65%	65	72	82	76.86	2.5
4392	20	12	17	18	19	17	16	29	 	0	87.06%	66	62	72	76.82	2.5
0723	15	19	17	17	18	16	19	26	 	0	86.47%	73	59	69	76.79	2.5
3465	19	19	20	17	18	16	15	17	 	0	82.94%	74	62	72	76.78	2.5
8252	20	20	18	20	16	13	17	27	 	0	88.82%	71	57	67	76.53	2.5
9301	19	16	17	19	17	18	17	26	 	0	87.65%	67	60	70	76.46	2.4
7583	19	17	15	18	14	19	16	8	 	0	74.12%	80	67	77	76.45	2.4
0336	18	8	15	13	16	8	13	27	 	0	69.41%	85	69	79	76.36	2.4
1654	18	18	17	17	17	15	19	25	 	0	85.88%	80	55	65	76.35	2.4
2619	18	13	12	18	18	16	13	26	 	0	78.82%	74	65	75	76.33	2.4
2990	16	14	17	15	17	18	10	27	 	0	78.82%	82	61	71	76.33	2.4
8376	19	13	19	18	17	13	20	26	 	0	85.29%	71	60	70	76.32	2.4
2207	19	18	20	15	19	19	18	27	 	0	91.18%	75	52	62	76.27	2.4
0055	16	13	14	19	19	15	12	18	 	0	74.12%	84	64	74	76.05	2.4
2565	18	16	17	14	19	17	18	27	 	0	85.88%	60	63	73	75.55	2.4
7953	18	15	10	17	13	10	13	15	 	0	65.29%	94	66	76	75.32	2.3
0554	14	15	17	17	17	11	14	22	 	0	74.71%	73	67	77	75.28	2.3
9042	18	17	16	17	20	17	18	26	 	0	87.65%	59	61	71	75.26	2.3
9092	20	19	19	17	17	19	18	9	 	0	81.18%	65	64	74	75.07	2.3
6032	14	13	17	16	18	10	19	29	 	0	80.00%	71	62	72	75.00	2.3
0965	19	15	16	13	17	16	18	27	 	0	82.94%	77	56	66	74.98	2.3
1876	19	20	20	18	20	18	20	27	 	3	95.88%	69	47	57	74.95	2.3
7950	20	18	16	19	19	17	18	23	 	0	88.24%	73	51	61	74.29	2.2
6157	19	14	14	17	18	16	18	30	 	0	85.88%	71	54	64	74.15	2.2
6362	20	19	17	19	19	15	16	28	 	0	90.00%	61	54	64	73.80	2.2
2676	20	18	19	17	15	18	17	17	 	0	82.94%	71	56	66	73.78	2.2
4849	18	17	17	18	14	14	17	26	 	0	82.94%	63	60	70	73.78	2.2
4250	20	17	17	13	19	11	19	24	 	0	82.35%	74	55	65	73.74	2.2
2547	20	18	19	16	20	18	19	26	 	0	91.76%	71	47	57	73.71	2.2
8286	16	17	16	18	18	17	17	24	 	0	84.12%	52	63	73	73.25	2.1
6254	17	15	17	16	18	17	16	21	 	0	80.59%	76	54	64	73.04	2.1
7873	20	16	14	15	12	13	16	26	 	0	77.65%	81	54	64	72.86	2.1
3714	11	15	17	19	14	17	17	27	 	5	81.57%	53	64	74	72.83	2.1
5424	19	15	19	18	5	17	18	25	 	0	80.00%	70	57	67	72.80	2.1
0789	16	15	15	14	13	11	14	26	 	0	72.94%	76	61	71	72.78	2.1
9791	19	16	17	15	17	19	15	15	 	0	78.24%	65	61	71	72.69	2.1
0936	18	13	14	15	15	17	14	26	 	0	77.65%	82	53	63	72.66	2.1
4870	19	16	19	15	16	17	19	16	 	0	80.59%	62	60	70	72.64	2.1
4527	20	19	17	20	18	15	18	29	 	0	91.76%	50	54	64	72.31	2
0035	18	18	17	11	18	16	6	9	 	0	66.47%	65	71	81	71.99	2
7454	14	14	15	16	11	10	20	22	 	0	71.76%	80	58	68	71.91	2
1540	16	17	16	14	16	13	18	28	 	0	81.18%	71	53	63	71.87	2
0120	19	12	8	14	16	11	18	13	 	0	65.29%	86	61	71	71.72	2
6341	16	18	16	16	17	17	18	29	 	0	86.47%	77	44	54	71.59	2
0144	19	16	17	15	15	15	14	7	 	0	69.41%	82	58	68	71.36	1.9
6448	17	14	16	12	17	15	15	15	 	0	71.18%	54	69	79	70.87	1.9
9702	17	11	16	16	14	17	18	28	 	0	80.59%	84	44	54	70.64	1.9
0343	19	13	19	17	15	18	16	25	 	0	83.53%	68	49	59	70.61	1.9
2555	9	16	14	16	9	17	15	23	 	0	70.00%	69	62	72	70.60	1.9
4116	19	18	18	19	18	18	20	21	 	0	88.82%	60	46	56	69.93	1.8
1173	20	16	17	18	20	18	20	27	 	0	91.76%	66	40	50	69.91	1.8
5645	2	14	17	10	17	13	16	13	 	0	60.00%	66	71	81	69.60	1.8
9482	16	19	19	18	19	18	16	16	 	0	82.94%	69	46	56	69.38	1.7
0511	17	20	17	14	18	20	15	20	 	0	82.94%	67	47	57	69.38	1.7
2263	13	19	17	16	16	18	13	29	 	0	82.94%	55	53	63	69.38	1.7
9937	19	19	16	17	16	14	15	21	 	0	80.59%	69	48	58	69.24	1.7
0502	18	13	5	18	17	18	15	27	 	0	77.06%	58	57	67	69.22	1.7
0356	19	16	19	14	16	16	19	27	 	0	85.88%	64	45	55	69.15	1.7
3755	18	10	11	13	18	16	14	25	 	0	73.53%	80	49	59	69.01	1.7
5921	18	8	11	13	13	8	15	8	 	0	55.29%	76	69	79	68.92	1.7
6278	11	17	18	14	19	14	18	27	 	0	81.18%	62	50	60	68.87	1.7
8693	19	14	19	19	18	7	18	23	 	0	80.59%	61	51	61	68.84	1.7
4230	17	18	19	17	19	16	19	20	 	0	85.29%	49	52	62	68.72	1.7
9705	19	19	14	20	11	3	19	13	 	0	69.41%	75	54	64	68.36	1.6
8524	19	19	18	18	17	18	16	19	 	0	84.71%	50	50	60	67.88	1.6
1867	16	15	19	16	8	13	15	23	 	0	73.53%	69	51	61	67.61	1.6
9927	19	16	16	18	15	16	17	25	 	0	83.53%	53	49	59	67.61	1.6
6674	18	16	7	15	17	15	19	24	 	0	77.06%	57	53	63	67.42	1.5
4425	18	18	15	16	15	13	12	25	 	0	77.65%	65	48	58	67.26	1.5
5114	18	11	15	15	18	16	16	26	 	0	79.41%	48	54	64	66.96	1.5
3746	12	9	10	14	13	15	14	25	 	0	65.88%	64	59	69	66.75	1.5
7534	17	15	13	13	15	19	20	26	 	0	81.18%	63	44	54	66.67	1.5
2320	13	12	14	19	14	11	18	12	 	0	66.47%	60	59	69	66.19	1.4
4802	20	14	6	14	18	17	16	8	 	0	66.47%	70	54	64	66.19	1.4
0428	16	12	16	17	15	19	19	27	 	0	82.94%	48	48	58	65.98	1.4
9051	17	14	11	16	17	14	17	 	 	0	62.35%	87	48	58	65.54	1.4
0225	15	15	14	18	6	11	12	16	 	0	62.94%	67	57	67	65.38	1.3
1145	13	19	11	15	14	9	13	19	 	0	66.47%	79	47	57	65.19	1.3
1752	19	15	10	20	19	13	5	27	 	0	75.29%	55	48	58	64.32	1.2
5224	15	16	18	18	15	16	14	25	 	0	80.59%	46	45	55	63.44	1.1
3006	16	17	15	13	17	1	18	20	 	0	68.82%	53	53	63	63.33	1.1
2107	17	13	9	17	16	10	18	27	 	1	74.90%	54	46	56	63.16	1.1
8483	19	19	18	14	18	17	12	6	 	0	72.35%	62	44	54	62.94	1.1
1410	17	13	11	9	8	7	12	16	 	0	54.71%	67	59	69	62.88	1.1
8069	15	16	10	16	 	12	3	13	 	0	50.00%	47	73	83	62.60	1.1
6234	17	15	11	17	12	14	11	24	 	0	71.18%	51	46	56	61.07	0.9
4596	18	9	7	14	17	17	18	7	 	0	62.94%	61	48	58	60.58	0.9
0234	19	16	17	11	13	14	7	5	 	0	60.00%	53	54	64	60.20	0.8
9102	16	12	5	18	8	3	11	18	 	0	53.53%	62	54	64	59.41	0.7
1635	13	12	13	16	10	15	10	8	 	0	57.06%	46	58	68	59.22	0.7
0797	17	13	17	15	17	0	 	11	 	0	52.94%	55	52	62	56.98	0.7
2921	17	18	15	13	 	4	 	 	 	0	39.41%	58	64	74	56.96	0.7
1965	11	14	10	13	19	10	15	29	 	0	71.18%	 	61	71	56.87	0.7
0653	20	17	20	 	 	 	 	 	 	0	33.53%	66	64	74	56.21	0
0714	13	14	9	15	 	3	17	 	 	0	41.76%	71	52	62	55.71	0
4070	18	9	14	17	4	13	11	2	 	0	51.76%	58	45	55	54.31	0
3357	19	18	15	15	14	8	8	 	 	0	57.06%	50	38	48	52.02	0
1089	17	15	17	13	17	 	 	 	 	0	46.47%	56	41	51	50.19	0
4613	17	14	9	16	2	5	7	1	 	0	41.76%	69	31	41	46.91	0
0055	18	11	0	15	7	 	5	 	 	3	33.53%	77	35	45	46.81	0
5217	18	6	 	8	11	12	10	 	 	0	38.24%	57	40	50	46.69	0
4756	15	10	 	15	10	13	 	 	 	0	37.06%	54	37	47	44.42	0
0506	19	17	18	16	19	18	17	27	 	0	88.82%	40	 	 	43.53	0
2788	 	10	8	 	 	 	 	 	 	0	10.59%	50	63	73	43.44	0
0675	17	18	12	16	9	0	 	 	 	0	42.35%	56	25	35	42.14	0
9862	19	15	9	2	2	5	8	3	 	0	37.06%	51	30	40	41.02	0
0918	 	 	5	11	 	 	 	13	 	0	17.06%	50	46	56	39.22	0
0427	19	12	13	14	14	 	 	 	 	0	42.35%	 	40	50	36.94	0
0670	19	18	18	16	 	 	 	 	 	0	41.76%	62	 	 	29.11	0
7753	18	1	0	0	0	 	0	 	 	0	11.18%	37	23	33	25.07	0
8549	6	3	1	 	1	 	 	 	 	0	6.47%	49	12	22	21.19	0
2781	16	3	 	14	 	 	 	 	 	0	19.41%	53	 	 	18.36	0
1151	18	 	 	 	14	 	 	 	 	0	18.82%	52	 	 	17.93	0
1931	1	2	 	 	 	 	 	 	 	0	1.76%	39	10	20	16.51	0
5012	 	 	 	 	 	 	 	 	 	0	0.00%	59	 	 	11.80	0
5200	 	14	 	 	 	 	 	 	 	0	8.24%	40	 	 	11.29	0
9972	11	11	8	14	 	 	 	 	 	0	25.88%	 	 	 	10.35	0
0895	20	17	 	 	 	 	 	 	 	0	21.76%	 	 	 	8.71	0
3849	19	17	0	 	 	 	 	 	 	0	21.18%	 	 	 	8.47	0
0572	10	8	 	 	 	 	 	 	 	0	10.59%	 	 	 	4.24	0
8878	 	 	 	 	 	 	 	 	 	0	0.00%	 	 	 	0.00	0
9367	 	 	 	 	 	 	 	 	 	0	0.00%	 	 	 	0.00	0
9456	 	 	 	 	 	 	 	 	 	0	0.00%	 	 	 	0.00	0

mean	17.9	16.2	16.3	17.0	16.8	15.9	17.1	24.9	1.6	0.3	79.08%	76.79	66.70	76.70	75.86	2.5
median	19	17	17	18	18	17	18	27	2	0	85.88%	79	67	77	80.08	2.8